% Model:              AluminaWithRodsOriginalRydberg.mph
% Version:            COMSOL 5.5.0.292
% Date:               Mar 10 2026, 10:26
% Dimension:          3
% Nodes:              535
% Expressions:        4
% Description:        Electric potential, Electric field, x component, Electric field, y component, Electric field, z component
% Length unit:        mm
% x                       y                        z                        V (V) @ Length=0.179     es.Ex (V/m) @ Length=0.179 es.Ey (V/m) @ Length=0.179 es.Ez (V/m) @ Length=0.179
0                         0                        214.81575215967197       0.9997861549133139       -8.06430496993471E-5     1.8194320269060427E-4    -0.003046607325281059
0                         0                        215                      0.9997867005824111       -7.765653741387268E-5    1.6734360464454312E-4    -0.002876600201421553
0                         0                        214.60190568061515       0.9997854823091792       -8.41093325050224E-5     1.9888816446211877E-4    -0.003243925376875012
0                         0                        214.67842650809135       0.9997857278356009       -8.286899024767536E-5    1.928247376241643E-4     -0.003173318927647273
0                         0                        214.09755412497356       0.9997833550311382       -3.804698977152299E-4    -3.069969483249224E-4    -0.0037689383658161546
0                         0                        212.38110533102267       0.99977166530824         -9.398996798530845E-4    4.584596175138955E-4     -0.009624106691692447
0                         0                        212.50597056281066       0.9997728440812361       -8.627392356075347E-4    4.8334008832995323E-4    -0.00925661741895567
0                         0                        213.3949563751506        0.9997798276385629       -4.3514878795036793E-4   2.80784953474722E-4      -0.006272063263899952
0                         0                        213.655205691322         0.9997813392893944       -4.148951736162587E-4    6.306458948301952E-5     -0.005344880472428315
0                         0                        212.5491687406631        0.9997732485145487       -5.009712718302417E-4    9.883571948066106E-4     -0.009285326666757854
0                         0                        212.566706332315         0.9997734108089357       -4.996064282591917E-4    9.736855294448787E-4     -0.00922284599079326
0                         0                        213.32336143281836       0.9997793694597212       -4.4072058497768296E-4   3.406801231164991E-4     -0.006527132516289669
0                         0                        212.70452362675516       0.9997746480426274       -4.888809502041624E-4    8.583898124214784E-4     -0.008731848259905917
0                         0                        213.02190162680182       0.9997772399073676       -4.641813593870836E-4    5.928765163787375E-4     -0.007601134740728099
0                         0                        213.88923846071927       0.9997824926004358       -3.966818330898292E-4    -1.327234363657226E-4    -0.004511098621847509
0                         0                        212.54187297378695       0.9997731806761526       -5.01539056770195E-4     9.94460715311618E-4      -0.009311319086345193
0                         0                        213.90357877646665       0.9997825569246923       -3.955658139549456E-4    -1.4472031227796833E-4   -0.004460008789251901
0                         0                        211.52613189503603       0.9997626065005538       -8.511917611144781E-4    -2.3813711732145748E-4   -0.011541791401413093
0                         0                        211.86867501885587       0.9997664301834781       -8.97362527837231E-4     4.795752465724945E-5     -0.01078347311461414
0                         0                        211.49018361802126       0.9997621254602432       -2.507194167833404E-4    5.430760697251458E-4     -0.013441650193726673
0                         0                        211.38229494411166       0.9997609743378163       6.231631904114465E-4     5.786907416336362E-4     -0.011118472331183682
0                         0                        211.48021853312036       0.9997620231978304       6.859428520158417E-4     6.552163982291859E-4     -0.01030353690163821
0                         0                        209.69114747205586       0.9997302707618649       -4.610461087395379E-4    -7.429128906011329E-4    -0.02519246619875304
0                         0                        209.74010926656024       0.999731494255043        -4.296562779870783E-4    -7.046500621328278E-4    -0.024784998484051357
0                         0                        210.37271651464974       0.9997455081947976       -2.408628903083354E-5    -2.1027801553330505E-4   -0.019520341984591738
0                         0                        211.28286553700931       0.9997598276974244       5.594181362980066E-4     5.009883130995263E-4     -0.011945939414220064
0                         0                        209.18635825732486       0.999716493583339        -7.84670848645419E-4     -0.0011373972693604628   -0.029393401025515686
0                         0                        209.6827179686424        0.9997300581062134       -4.66450336489288E-4     -7.495004077213707E-4    -0.02526261784505124
0                         0                        210.3267890786809        0.9997446028984568       -5.35307663653839E-5     -2.4616954359402143E-4   -0.019902557292740042
0                         0                        209.16339453934043       0.9997158164072965       -7.993930871919019E-4    -0.0011553430333322012   -0.029584508679597832
0                         0                        208.00000000000009       0.9996757659867633       -4.298980168186972E-4    4.1474565871624236E-4    -0.04114713355949107
0                         0                        205.07723483304116       0.9994862253197015       -2.0839287873286594E-4   -2.562827308878468E-4    -0.09048152851681834
0                         0                        205.1156493616384        0.9994896881837405       -2.4301911987834046E-4   -2.645715534157489E-4    -0.08980776129652668
0                         0                        206.07923711172626       0.9995680831708804       -0.0011115816872475648   -4.724878831297019E-4    -0.07290702442425356
0                         0                        206.5578246808192        0.9996009669029026       -0.0015429728584734903   -5.757542135711446E-4    -0.064512892623668
0                         0                        206.02292924567803       0.9995639501269398       -0.001060826678596527    -4.6033815954160673E-4   -0.07389462978522943
0                         0                        206.04899297217145       0.9995658701389509       -0.001084320104297376    -4.659620108782292E-4    -0.0734374880425861
0                         0                        206.05148988869414       0.9995660534515527       -0.001086570784806895    -4.665007785824571E-4    -0.07339369366151516
0                         0                        206.98379673969725       0.9996268563126125       -0.0019269372511701022   -6.67667531160987E-4     -0.0570416045326283
0                         0                        207.02574494434708       0.9996292336739069       -0.0019647486908525025   -6.767188261562751E-4    -0.05630585880635408
0                         0                        205.45815620357808       0.9995194191755812       -5.51749302239557E-4     -3.384753213424574E-4    -0.0838004018088725
0                         0                        204.98202774666515       0.999476714724979        -0.0023924947964246712   0.002079780751330418     -0.10113013308784247
0                         0                        204.77677521910445       0.9994554104255317       -0.0011718421082917985   0.0025861729308260806    -0.10646097139534305
0                         0                        202.53540252759205       0.9991449644956293       -0.002894286823494241    0.006593234246246027     -0.18316575359720488
0                         0                        202.71338286393654       0.9991769332430478       -0.0030126802282138126   0.00567530756393167      -0.17607334073133107
0                         0                        203.65608887334824       0.999325211657638        -0.0036397729548696134   8.13337880998688E-4      -0.13850705466225577
0                         0                        204.01204954603713       0.9993719901019331       -0.003876559764648846    -0.0010225154836120964   -0.12432222893070843
0                         0                        202.7978459813299        0.999191662803058        -0.0030688655142778742   0.005239692312024147     -0.17270753463832733
0                         0                        202.84311779997984       0.9991994407508062       -0.0030989805531689285   0.005006204662901581     -0.17090347900148828
0                         0                        204.13261691455372       0.9993866896705813       -0.00395676177802784     -0.0016443370107595001   -0.11951768943379193
0                         0                        204.27151941812366       0.99940290655141         -0.004049160414183461    -0.0023607212860383697   -0.11398250547117073
0                         0                        203.14543857335417       0.9992492873471737       -0.0033000858354057527   0.003446996998647478     -0.15885617205334768
0                         0                        201.4147161818359        0.9989146689395055       -0.001169176241205605    0.002754778709970651     -0.2545653514012258
0                         0                        199.8942483155135        0.9984944699929688       0.016704776214226058     0.006914571979592665     -0.34718180172683333
0                         0                        198.37378044919103       0.9978589113929108       -0.01300570455164518     0.0028641891701592925    -0.4888221864342057
0                         0                        196.85331258286868       0.9970079931393312       -0.04023482176455673     -3.7308307403804974E-4   -0.6350031685424256
0                         0                        195.33284471654622       0.9957982763970119       0.008850359703707511     0.12226951527139818      -0.9895340169014304
0                         0                        193.81237685022379       0.9939988837886686       -0.051907000950564       0.10805431803282772      -1.3773592903484086
0                         0                        192.29190898390132       0.9916098153143005       0.01263930552617154      0.03903159121976785      -2.0631462008743995
0                         0                        188.30055064254728       0.9791986128203164       0.09570845631506586      -0.17625843868222546     -4.50060478410154
0                         0                        189.63100342299865       0.9845339237055485       -0.16365425051390048     0.2801412409999955       -3.5598326082692866
0                         0                        190.96145620344998       0.9886709912035431       -0.006882169955702011    0.325155050418374        -2.659204337320539
0                         0                        185.65618396378423       0.9619271857908789       0.43136862618281224      -0.6523059893239334      -8.499551334208354
0                         0                        185.79471194927146       0.9630903287930627       0.39256854844889055      -0.6435281940977813      -8.293344312012483
0                         0                        186.97836730316573       0.9718640251313921       0.06104044905626438      -0.5685261338427523      -6.531403972128601
0                         0                        187.04763129590933       0.9723128455683009       0.041640410189216936     -0.5641372362297119      -6.428300461030744
0                         0                        185.8639431911487        0.9636609200146079       0.3731776827186124       -0.6391413717362138      -8.19028955249788
0                         0                        187.08224691684796       0.9725344733542169       0.031944977324172896     -0.561943825049056       -6.376773081273484
0                         0                        185.982044976044         0.9646178265984721       0.3400987462256211       -0.6316578782024802      -8.014488126572289
0                         0                        187.14129780929562       0.9729084321878287       0.015405509077652368     -0.5582020782821928      -6.288872368310479
0                         0                        185.38672049711036       0.959582824687025        0.5068422094925538       -0.6693804824163649      -8.900663491134566
0                         0                        184.8227921427923        0.9543267960522477       0.6647919833737745       -0.7051136781232543      -9.740103884834014
0                         0                        186.68547493100817       0.9698871780284634       0.1430761963272289       -0.587085194360391       -6.967391427472762
0                         0                        184.608994953059         0.9519255710583047       0.1216563458074944       -0.20388682886888887     -11.222918158159445
0                         0                        184.3957968332589        0.9494728114166047       -0.0517878718746374      -1.6124085023166685      -10.358862338615609
0                         0                        181.67715491764562       0.9072981072488943       1.7044354443330327       -1.2440216238329986      -20.667440850119114
0                         0                        181.74048566224778       0.9085993875993865       1.6635242343409296       -1.2526031936167286      -20.427302585063337
0                         0                        183.0364758754523        0.9318886260367198       0.8263237862292669       -1.428215063074589       -15.513151594367343
0                         0                        183.16313736465656       0.9338231286496472       0.74450136624489         -1.4453782026422317      -15.03287506425579
0                         0                        181.7810426082209        0.9094247380957994       1.6373247360753922       -1.2580988223872538      -20.273518278513166
0                         0                        181.85468573789166       0.9109074613447858       1.5897517987705427       -1.2680777616896037      -19.994277390007696
0                         0                        183.24425125660284       0.9350300296096268       0.6921023697140924       -1.4563694601831543      -14.725306451155745
0                         0                        183.39153751594435       0.9371577365685514       0.5969564951043083       -1.4763273387879394      -14.166824674144834
0                         0                        180.31783395983902       0.8757012550531292       -0.6238872758644902      0.5551053854779866       -28.55978751948863
0                         0                        182.73272060162955       0.9270014943713513       1.022547529873009        -1.3870550057297244      -16.664934427737847
0                         0                        184.23656225097696       0.9477752503685307       0.051076534263131634     -1.5908315780528213      -10.96264990761216
0                         0                        176.32647561848484       0.713008548453382        0.38690215266254313      -0.932545797025          -54.31420198898974
0                         0                        177.6569283989362        0.7808102307925222       1.803174239556256        -0.7377195286115636      -45.86129862408728
0                         0                        178.98738117938763       0.8350411329924391       2.740240383585416        -0.60871666826813        -35.66117702742172
0                         0                        173.2492261249252        0.49216370938740295      1.271226281208655        -1.8171352009202852      -87.09813216704029
0                         0                        173.371706306423         0.5027567659340585       1.2256396829972687       -1.7970331002771172      -85.8777144901432
0                         0                        174.67880356359376       0.6064953524553394       0.7391436902806987       -1.5825053269445721      -72.85352903771384
0                         0                        174.84909096245391       0.6187569204052601       0.6757634508218473       -1.5545568508050458      -71.15675043091952
0                         0                        173.9319446106849        0.5493050336686938       1.017121389125549        -1.7050838017153869      -80.29538499458965
0                         0                        174.27497595611177       0.5762626210838523       0.8894465936879357       -1.6487836677244903      -76.87735023525836
0                         0                        173.60893431229354       0.522848986468112        1.1373444367307926       -1.7580979746830971      -83.51392593040293
0                         0                        175.30072578729826       0.6498775674391738       0.5076669061672305       -1.4804321345287867      -66.65656830347746
0                         0                        174.60489806881975       0.6010838639906348       0.7666509984400847       -1.5946350909264062      -73.5899385624142
0                         0                        173.0841253649153        0.47702248972748795      3.938777661458559E-4     -2.030927604991702       -91.8227939584223
0                         0                        171.09264130149597       0.2914244649296654       4.8540026451813585       -2.1414107913645135      -94.56888067959336
0                         0                        171.32218520507377       0.31309584717081107      4.294562414964867        -2.1286761969253445      -94.25235920843566
0                         0                        171.8665364959757        0.36419794172205955      2.9678793414688176       -2.098476776186909       -93.50174519195609
0                         0                        172.08030920608812       0.38415455583720515      2.4468763773507023       -2.0866171331164143      -93.20697085186902
0                         0                        170.4838468670262        0.23359592265621126      6.33774537703273         -2.1751853769621707      -95.4083562963602
0                         0                        170.5907332220825        0.2437858972639484       6.077243894973334        -2.169255555426938       -95.26096912631652
0                         0                        172.6393138256012        0.4360422372256465       1.084480477663747        -2.055604777710051       -92.43615114463893
0                         0                        171.42180828863607       0.32247871513011594      4.051762846192581        -2.1231493258293868      -94.11498747048509
0                         0                        169.10115723807675       0.10035765218987197      2.9581952061952537       -5.385297541694894       -91.16319495223354
0                         0                        167.86492768026724       -0.009751983420569836    3.2988830172241546       -5.261003024341264       -83.16466544926652
0                         0                        166.62869812245782       -0.10526358299756677     3.5218528157753504       -3.9539350661823143      -71.35614983724366
0                         0                        165.39246856464834       -0.1861771465411303      3.427182102465394        -2.528640730295654       -58.92021184390427
0                         0                        161.68377989121993       -0.3477668563230061      1.901042790585933        -1.3029171702834574      -28.50880714200167
0                         0                        162.9200094490294        -0.30647703424440303     3.2188436606031843       -1.068511070691713       -38.48518993558411
0                         0                        164.15623900683886       -0.25261379765044534     5.410438305983732        -2.2429731685514724      -48.65596641955297
0                         0                        158.30957104372973       -0.4199961156908525      2.4990353997695713       -0.47798658981334086     -15.242149903229798
0                         0                        158.35320986980867       -0.41932748723003926     2.540018321321492        -0.5138015498998421      -15.401591961133736
0                         0                        159.9966754674748        -0.3890812515843291      4.083460886449103        -1.8626154404850581      -21.406279999998247
0                         0                        160.0184948805143        -0.38861330938634037     4.103952347225061        -1.8805229205283922      -21.486001028950326
0                         0                        157.59575321477323       -0.4299453949415616      1.8286612693204027       0.1078531164825609       -12.634092037248198
0                         0                        157.55598246896238       -0.43044497267386683     1.7913110126320664       0.1404934920794787       -12.488782684861249
0                         0                        159.6280765322841        -0.39672338004869984     3.737295267380439        -1.5601014331664658      -20.059539538609158
0                         0                        159.61988118009117       -0.3968876523427253      3.7295986928804368       -1.5533753995387087      -20.029596390814078
0                         0                        156.68792485910302       -0.43990938985410144     1.9755980240963424       -0.3413149385505676      -11.019243006919908
0                         0                        156.02329770154066       -0.4470482871986476      1.500897718167728        -0.09873890934527196     -10.265831808577907
0                         0                        156.05465141860742       -0.4467256837773239      1.5307695894722535       -0.10067063000053622     -10.312488818401441
0                         0                        156.42576573917063       -0.44279609758843047     1.884344229427235        -0.1235351980825925      -10.864738635013097
0                         0                        156.632808281716         -0.4405147398849762      2.081601485155794        -0.13629120896004565     -11.172835627815886
0                         0                        156.64988177745846       -0.440327646350963       1.946253000885548        -0.3429108543145958      -10.96932778074303
0                         0                        155.94256784126927       -0.4477679970472323      1.8871233385970214       -0.020572565302511503    -8.868930479444984
0                         0                        155.29681388614824       -0.4532569774973832      1.4502872084073344       0.2910998535732765       -8.131291994214017
0                         0                        155.92122208088483       -0.4479570508746853      1.8726834744842122       -0.010270058103043933    -8.84454742420975
0                         0                        153.92874449856515       -0.4633121859746458      0.5248230554376221       0.9513970021025857       -6.568559590107185
0                         0                        154.3129002707139        -0.4607045487717943      0.7846946668535608       0.7659846514987381       -7.007377005956357
0                         0                        154.86909017135443       -0.4566304342935074      1.1609429916522913       0.4975402226072061       -7.642707339678196
0                         0                        153.71488264116815       -0.4646908279235805      0.38015094706017294      1.054617186619665        -6.3242672628392995
0                         0                        154.35154898488736       -0.46043286952806994     0.8108395392193231       0.7473308931480003       -7.051525057629874
0                         0                        152.5606751109819        -0.47122946808886623     -2.1830738870935917      2.889546217545721        -2.3316715350257766
0                         0                        149.23916209419627       -0.48109830153291155     -1.581249795523803       0.2527793709288204       -2.0173674834072077
0                         0                        149.24847647165743       -0.481079486097034       -1.5784298734637332      0.25192340230310606      -2.0227169894698775
0                         0                        150.2157390819013        -0.4788543179035785      -1.2855917118285873      0.16303432188142608      -2.578242811704361
0                         0                        150.89991860258908       -0.47695591508295615     -1.0784567818262474      0.10015988861664482      -2.971186141427782
0                         0                        151.24386996942152       -0.4758999993280096      -0.9743257166031469      0.06855159487753326      -3.1687269786778742
0                         0                        151.38820709644156       -0.4754366518346797      -0.9306277399785898      0.0552873640930045       -3.25162380557639
0                         0                        149.23055418159112       -0.48111564557815867     -1.583855835782316       0.2535704171532558       -2.012423719762104
0                         0                        150.75108829218038       -0.47739175682563934     -1.1235150669641314      0.11383703202211848      -2.8857087543277027
0                         0                        149.04327106736088       -0.4814824662955634      -1.6121781778604003      0.28950367901464436      -1.6587136748113336
0                         0                        147.93496288684173       -0.48295546412268364     -1.131550610008663       0.051613243581577706     -0.9993878406537053
0                         0                        148.07160234975674       -0.48281335486787325     -1.1908055121088665      0.08094192841983183      -1.0806738308221329
0                         0                        146.82665470632259       -0.48369772573417946     -0.6509230421568262      -0.18627719185156622     -0.34006200649620766
0                         0                        146.89497443778006       -0.4836731044299617      -0.6805504932068303      -0.17161284943243515     -0.3807050015804947
0                         0                        148.42801036309305       -0.4823904103552813      -1.3453649745612282      0.15744236302351267      -1.2926988025979502
0                         0                        148.86623646598983       -0.4817667936497026      -1.5354055695027338      0.25150446620805056      -1.5533968610627316
0                         0                        147.21631605778063       -0.48352005356333294     -0.8199031064828617      -0.1026391657149297      -0.5718691880228555
0                         0                        147.42890907400533       -0.4833850348165263      -0.9120959334656789      -0.05700759311744008     -0.698339487730232
0                         0                        149.0011131373102        -0.4815518655807868      -1.593896021559516       0.28045478042048444      -1.6336341771718814
0                         0                        145.71834652580347       -0.4837092511300504      -0.1193679891066699      -3.9356354089369816      -7.187911005393133
0                         0                        142.23676138452265       -0.48774090419091987     0.9668207209346633       1.861960183304916        -0.6771565818639811
0                         0                        142.72693741932068       -0.48737579455120267     0.7282433409511242       1.7052954952203265       -0.812551660880632
0                         0                        143.20684847626796       -0.4869540335883363      0.49466210795830534      1.5519115867722775       -0.9451113758880716
0                         0                        143.87535786434267       -0.4862604963518598      0.16928671834556042      1.3382499482400192       -1.1297652043008544
0                         0                        144.4625975010357        -0.48554942662948064     -0.11653324019735578     1.1505628562929928       -1.2919709250364058
0                         0                        143.7541421024076        -0.4863954124358014      0.22828458205599134      1.3769916005982026       -1.0962833192225485
0                         0                        143.3081923324342        -0.48685683390167644     0.4453362536424521       1.5195211749846464       -0.9731042976944417
0                         0                        144.51326942911882       -0.48548360535785173     -0.14119616735533214     1.1343676503990565       -1.3059673859396561
0                         0                        142.10311523574956       -0.4878289367615255      1.0306439335995954       1.9036334492737907       -0.6525430179107268
0                         0                        143.42899106418815       -0.4867372688094827      0.3865413659261776       1.4809128092390011       -1.0064709918406844
0                         0                        140.52114193053617       -0.4886973456969762      1.6570911540554913       2.2782091410543686       -0.4453376259516606
0                         0                        140.62934387560767       -0.48864839257036624     1.6142441556172553       2.2525893544918496       -0.45950981606730146
0                         0                        141.11787963967154       -0.48840827538782916     1.4207883808056767       2.136915075298446        -0.5234977760065032
0                         0                        141.54626707868155       -0.48817199715198717     1.2511508024966176       2.035482566425774        -0.5796075642803702
0                         0                        141.98381743967332       -0.4879058516606942      1.0778847893790342       1.9318804837502341       -0.6369175035520485
0                         0                        139.99694879014822       -0.48891279351286887     1.8646669296365062       2.4023262848395106       -0.37667929603014016
0                         0                        141.02741613737467       -0.4884550968869702      1.4566111152221195       2.1583347976427714       -0.5116489506251294
0                         0                        139.9517170389998        -0.48892969739126935     1.8825782968447022       2.4130361460116063       -0.3707548833394405
0                         0                        140.70812872950174       -0.488611783659617       1.5830460610770825       2.2339348733751727       -0.4698289829443425
0                         0                        138.8760179406249        -0.4892527382744231      1.69119191617132         2.0061742693961406       -0.889151340147535
0                         0                        135.86328683240694       -0.4890329069959143      3.6802460729598465       1.8901352583056052       0.736863658690396
0                         0                        135.98992052772957       -0.4891226849931178      3.6393273433781843       1.916952799915208        0.681052749336847
0                         0                        136.68287650802128       -0.4894888086231179      3.415414755995485        2.0637018605640662       0.37564822565467537
0                         0                        137.26070750184584       -0.489632292910207       3.2287021269440856       2.186070608319085        0.12098241071576066
0                         0                        137.7794472243231        -0.4896357534578861      3.061083466103483        2.295925446374838        -0.10764027580963198
0                         0                        137.19324376777294       -0.48962312803204167     3.2505014615057206       2.171783640770201        0.15071551087848256
0                         0                        137.15190720161746       -0.4896165214325247      3.2638584102075185       2.163029690409388        0.16893365843246944
0                         0                        136.77297026530897       -0.48952086351731167     3.3863030564430403       2.082781246020488        0.33594145954866317
0                         0                        137.82449410296692       -0.48963045743297606     3.046527616327168        2.305465139102921        -0.12749365886276287
0                         0                        135.72144642765102       -0.4889239565274299      3.7260784965589835       1.8600973529382259       0.799376577960051
0                         0                        134.86485255715021       -0.48841567656574636     4.027075018326414        1.3276531154985918       0.7599232380993755
0                         0                        135.37507576679423       -0.4887527908037892      3.850841292373218        1.5189061700063462       0.5615150331159953
0                         0                        135.61925907015453       -0.48887831025223405     3.766499121038464        1.6104363116083675       0.4665605700675428
0                         0                        133.61875631930712       -0.4871668324886129      4.457483080406925        0.860563992163236        1.2444870782261805
0                         0                        134.23091693824784       -0.48785579661820877     4.2460396479668105       1.0900274622851782       1.0064389313175752
0                         0                        133.44877012290414       -0.4869496686696753      4.508119723877044        0.795916882047706        1.3138497914318634
0                         0                        134.39776407805505       -0.48801830546256536     4.188409786061129        1.1525687667983462       0.9415578343975284
0                         0                        132.17723695616093       -0.48514895313211465     3.911938804289754        1.5296091179238616       1.0993318179630727
0                         0                        132.3571700421361        -0.4853380969725169      4.747379030276193        0.814722161139116        1.638828072103621
0                         0                        132.9572099614966        -0.48626786463230803     4.615860961115629        0.8043851170618268       1.4601912757496223
0                         0                        132.8154801461247        -0.4860579219095204      4.646925613747754        0.8068267335298742       1.502385402088521
0                         0                        131.42972806394212       -0.4845814403208781      3.1723102118017295       1.2522506865691199       0.6143251652040789
0                         0                        131.17098588758327       -0.48443546408698157     2.9003060927651774       1.1602714666232288       0.5140276681128597
0                         0                        131.07034210627324       -0.4843569178204561      3.0996028425653392       1.3364416095832787       0.7811065684827057
0                         0                        131.14574770657475       -0.4844157798782033      3.132343609054402        1.3623438625275597       0.7801052649023266
0                         0                        130.02006851940388       -0.4835292184132167      3.2616468544008512       0.3929797061353213       0.7570697408484612
0                         0                        130.06030443241744       -0.4835611973497223      2.6610491079266154       0.9894879190507595       0.7945187598205159
0                         0                        130.06414936881978       -0.4835642521256697      2.6627185617125804       0.9908086765918824       0.7944677032866423
0                         0                        130.92029207427967       -0.4842395632675448      3.034451805513058        1.2848985694449908       0.7830990681601158
0                         0                        130.77748180069665       -0.4841275932652736      2.9724442384235985       1.235842427532507        0.784995431794762
0                         0                        129.7376898709924        -0.48331342855217363     3.0551053850476535       0.3677682582851389       0.7713026219843169
0                         0                        129.7146341666567        -0.4832956322305785      3.0382416487939565       0.3657097893080561       0.7724647109070322
0                         0                        129.00156785019          -0.4827319994847135      2.5166803849451753       0.3020455060752596       0.8084057715409347
0                         0                        129.20021838857124       -0.4828915952134607      2.6619802307937164       0.31978150600656363      0.7983930828470296
0                         0                        127.98476234562418       -0.48156520613499315     2.043932024795121        -0.4645013170300047      1.0588542268616132
0                         0                        128.13531184768507       -0.4817265922725491      2.124848838145067        -0.3673898690140387      1.0851068669533142
0                         0                        127.54775447412136       -0.48111912957455166     1.8090505812382016       -0.7463917691075981      0.9826493227552362
0                         0                        127.6616575750199        -0.4812321875674342      1.8702708166372366       -0.6729189584350816      1.0025116077331546
0                         0                        127.76984407517355       -0.48134166628211805     1.9284185137075998       -0.6031336217725949      1.0213770387870404
0                         0                        126.41087459986406       -0.48011466726750285     1.1980044115246713       -1.4797322936393513      0.784401585248105
0                         0                        126.90854836070694       -0.4805266383516972      1.4654923424976296       -1.1587095144644053      0.8711853337670448
0                         0                        126.32174729984976       -0.48004544827635554     1.1501005858664755       -1.5372235576001003      0.7688596744640392
0                         0                        128.5659303426895        -0.48221002708759453     2.356296142243149        -0.08962086267477432     1.1601975993133493
0                         0                        126.3052137039175        -0.4800327600952444      1.8683610292288222       -1.2074320765631015      0.3220447104591244
0                         0                        125.80070097222784       -0.4799219782964882      1.6102985643376115       -1.3990045677340461      0.11711883011311386
0                         0                        125.01958529017959       -0.4788908640503615      0.5838324401160548       -1.19640995243447        -0.13010242512444847
0                         0                        125.33058935879896       -0.4794557600906048      1.0272517898191609       -0.4983388723047364      0.9270047239746191
0                         0                        125.01054986399521       -0.4788862539313641      0.6534518234024063       -1.4610011489088777      0.5142267873927224
0                         0                        124.3143498605637        -0.4791191847654029      -0.513396737110142       -1.9217834625480865      -0.9363181690386426
0                         0                        123.1755030742246        -0.478190309653975       1.4784902757048997       -2.8013686043623025      0.7404738122118175
0                         0                        123.58352503963299       -0.4785034255955346      1.454313132937564        -2.6158108843876384      0.7943256255891811
0                         0                        124.2257672274078        -0.4790407947932546      1.416257385008663        -2.323735932207647       0.8790904406512254
0                         0                        122.90757651432905       -0.47799665421577864     1.4943661334746157       -2.9232145974453143      0.7051121593461112
0                         0                        123.00845813833627       -0.4780684586758847      1.4883884419947293       -2.8773362729307195      0.7184267817189607
0                         0                        124.30024105620952       -0.4791066300352489      1.4118444745675305       -2.2898671823808954      0.8889196926772911
0                         0                        122.77784322229607       -0.47790628837593185     1.5020534164865351       -2.9822139060985515      0.6879896178565392
0                         0                        122.40553681392166       -0.47765929262475465     1.5241142513227288       -3.1515291247063466      0.6388516377408564
0                         0                        120.55621371031184       -0.47717311794333195     1.0598772432990415       -5.0790575927467785      0.1258376378122552
0                         0                        121.32161008611608       -0.4772950851811347      0.8601669953380764       -4.659022897702869       0.19286582527776464
0                         0                        121.392348014921         -0.4773089472118572      0.84170977532969         -4.62020329351752        0.19906056999140276
0                         0                        120.51157349302203       -0.47716758777951085     1.0715249452555753       -5.103555278715504       0.12192835244384792
0                         0                        121.639795234658         -0.47736088525462317     0.7771448686053333       -4.484409055698549       0.2207303076026612
0                         0                        121.7163095680426        -0.4773780306330444      0.7571804462801452       -4.442419472646392       0.22743091038055852
0                         0                        120.38673815047215       -0.4771530491760034      0.9837231829159947       -5.129940956500146       -0.18498289939021362
0                         0                        120.49249784900917       -0.47716527785073587     1.0765022376968432       -5.114023622398449       0.12025783781458088
0                         0                        119.42355653781439       -0.47728057601615315     0.9195652984286511       -5.548869836159268       -0.07982041178947341
0                         0                        119.44064289439433       -0.47727919623858317     0.9207034269781929       -5.541438248880677       -0.08168594134113505
0                         0                        119.04581997491678       -0.4773029377630855      0.8944041258620814       -5.713163623562771       -0.038578224345343415
0                         0                        119.02826750688367       -0.4773035980871786      0.8932349494557883       -5.720797942648247       -0.0366618036228985
0                         0                        119.70750282867792       -0.4772535098633939      0.9384790661859079       -5.425369449574186       -0.11082235150651853
0                         0                        120.14705547616083       -0.4771942502283217      0.9677578310757582       -5.234189203044082       -0.15881376790547463
0                         0                        120.19541505278605       -0.4771864423920983      0.9709790804126968       -5.213155554778602       -0.1640937829206237
0                         0                        118.34903218508941       -0.4773033138473567      -0.07312425689571        -4.5566381036495045      -1.1415586692303763
0                         0                        120.21863971009834       -0.4771826019245623      0.9725260834507807       -5.20305415796992        -0.16662950692588296
0                         0                        114.58407109720027       -0.4782814432134682      1.687619684996065        -4.042272889497404       0.560520039281073
0                         0                        114.79001504290443       -0.47845956361030517     0.7034091390944752       -4.168557050573206       -0.892786342687728
0                         0                        117.08036728146308       -0.4772518195614756      0.253586140300083        -5.3196751275295115      -0.16184973336798336
0                         0                        117.16269313769443       -0.4772395766272317      0.23741742052635217      -5.3610516370957155      -0.1355764898030074
0                         0                        115.8117023778367        -0.4777139800001272      0.5027507193578202       -4.682051324702002       -0.566727903375245
0                         0                        115.97635409029944       -0.47762499321488106     0.47041327981052916      -4.764804343834484       -0.5141814162453997
0                         0                        116.24036071990702       -0.4775003677640184      0.4185626291409008       -4.897492582202911       -0.4299270786659726
0                         0                        115.63677871873656       -0.4778179966445003      0.537105559443873        -4.59413568330514        -0.6225525508332979
0                         0                        115.16429815610792       -0.47814776238072504     0.6299002920513885       -4.35666962568488        -0.7733386764795256
0                         0                        116.0552054753203        -0.4775854414223702      0.4549269428741525       -4.804434603827874       -0.48901700570758777
0                         0                        112.59769675247665       -0.48056980696479057     2.381164334160239        -1.3289713028928887      -1.5631956122234767
0                         0                        113.21843495010869       -0.4796792293500514      2.222482532988657        -1.9461972405975914      -1.3062189594476834
0                         0                        113.68868990504234       -0.4791107477385308      2.102269368173978        -2.413791399659104       -1.1115401967567173
0                         0                        113.87394497048858       -0.4789119331628446      2.054911870966123        -2.597998255175348       -1.0348472740241812
0                         0                        114.06650457669026       -0.4787203385064416      2.005687084636733        -2.789468320905577       -0.9551303768680306
0                         0                        112.53249276567406       -0.4806726135930701      2.3978326914626678       -1.264136253189534       -1.5901891214678354
0                         0                        113.55828193143716       -0.4792592216120117      2.135606082778814        -2.2841213002521954      -1.1655272152455831
0                         0                        114.51519766266028       -0.47833345103243974     1.890985867075834        -3.235622612337835       -0.769377916658426
0                         0                        111.50670359991094       -0.482521619156644       -2.703051304442951       2.44490161729766         1.477262693088889
0                         0                        113.40081675472511       -0.47944788400529775     2.175859538998921        -2.127547092764047       -1.2307155252199946
0                         0                        109.98618613653795       -0.4847317015880536      0.2375248085686792       -1.9129542381039215      -1.520252611288019
0                         0                        108.46566867316493       -0.4871447604450478      0.5918352184680913       -1.6517061471548828      -1.6537442879531
0                         0                        106.94515120979192       -0.4897607957276257      -2.3510479781992615      -1.8525848830588139      1.3906211761360083
0                         0                        105.42463374641892       -0.492096405073332       0.742706356363044        -2.222661862132668       -1.5279134429348358
0                         0                        103.9041162830459        -0.49440723387263547     0.7835107625777198       -2.292193202238721       -1.5116160001234789
0                         0                        102.38359881967294       -0.49669328212553543     -0.6036629841384666      -1.1826429331873527      -1.021308433490323
0                         0                        99.32523925206378        -0.49799455770977463     0.2944633283393756       -3.6647346591490297      -0.10621409233410262
0                         0                        99.33068548853574        -0.4979939621284005      0.29778895477155487      -3.6630955462700365      -0.10992045324472599
0                         0                        100.75057331825835       -0.49762912490354194     1.1133622856787468       -3.4921210695088742      -0.4039753872878027
0                         0                        100.85714215410432       -0.4975848977234154      1.1745746565452748       -3.4792886819312683      -0.4260455053208716
0                         0                        99.46796303791092        -0.4979769211306539      0.37664018925570986      -3.646565397420016       -0.13835026289753038
0                         0                        100.25178078635912       -0.49780486252816947     0.8268594520343537       -3.552182709850218       -0.3006768013020187
0                         0                        101.31768980301604       -0.49736672037070734     1.4391099051766503       -3.423832263721502       -0.5214236793494393
0                         0                        100.34469244126682       -0.49777603225742256     0.880227236648663        -3.540994839054827       -0.31991855405445424
0                         0                        101.36414563046988       -0.49734227372934264     1.4657937974839683       -3.4182383283237123      -0.5310445557256749
0                         0                        97.42988555309451        -0.4975011115973524      -0.149080928067022       -3.9639950073328905      0.6269043600035396
0                         0                        97.56173832062075        -0.4975804084037264      -0.11822518976375562     -3.9431765684629987      0.5759040127238464
0                         0                        99.3185008716946         -0.4979952646393059      0.292886435376289        -3.6657985925227212      -0.10360770230239069
0                         0                        98.89828715505982        -0.4980046517316041      0.19454944393361728      -3.7321467908670876      0.05892999699771195
0                         0                        99.19718020547978        -0.49800498781433383     0.26449538376826354      -3.6849541015093514      -0.05668114759103027
0                         0                        98.06391624620733        -0.49782084284794953     -7.072116105693027E-4    -3.8638869134804166      0.3816627458804831
0                         0                        96.80259324035087        -0.49703175770606        -0.2958777515604396      -4.06303916781167        0.8695395840949516
0                         0                        96.90490411468035        -0.49711869665580566     -0.2719353070966406      -4.046885144480026       0.829965973171344
0                         0                        95.54127023449443        -0.495627302284106       -4.663320242135544       -0.07024689712039844     -1.7403724469824056
0                         0                        94.10709591486348        -0.4929749967788364      1.2367472298294508       -4.675109261022982       1.4391368453009434
0                         0                        94.17727859841389        -0.493077408160267       1.200285266618799        -4.706928360248668       1.4792862257365194
0                         0                        94.6326966771185         -0.49381042707899425     0.9636822131136142       -4.913403694367062       1.7398170685906393
0                         0                        93.1208828579899         -0.4918339033148291      1.749113847612171        -4.227984564065274       0.8749543260830634
0                         0                        93.72412311974261        -0.49246579871772067     1.435712833023703        -4.501478833228488       1.2200497476020349
0                         0                        93.06210171522967        -0.4917834608136434      1.779652375869797        -4.20133464246836        0.8413274206453014
0                         0                        92.82006352142402        -0.491596584074683       1.9053983187673644       -4.091600489890176       0.7028647254129368
0                         0                        93.75590389797554        -0.4925048617484455      1.4192017863078497       -4.515887454912669       1.2382305650239758
0                         0                        92.81554956236673        -0.49159341720028527     1.9077434529337935       -4.08955397209013        0.7002824266135868
0                         0                        90.50135663447044        -0.4896012486382959      2.447265130240197        -4.499099028584517       0.19174410771837813
0                         0                        90.67789872105378        -0.48964486492603904     2.3464306020071817       -4.548709023149492       0.30237362462705164
0                         0                        90.43807089154893        -0.4895903688567286      2.4834116840444125       -4.481315136804742       0.1520863054225572
0                         0                        90.32684212174885        -0.4895773288702194      2.5469415807721703       -4.450058801434235       0.08238516328999168
0                         0                        91.58750737287613        -0.4901791465416971      1.8268946598511455       -4.804317649661574       0.8723768894267607
0                         0                        90.15331315085444        -0.4895724675455809      1.3931551446936652       -3.910057566230634       0.9069441038252108
0                         0                        90.22585873009902        -0.48957220449745154     2.604619683786879        -4.42168151413766        0.01910425362002144
0                         0                        91.60119679993694        -0.490190368252262       2.3080848745185047       -4.356882621475583       0.8234772307469598
0                         0                        92.58642173027889        -0.49126698489000153     1.978484114946836        -4.362230495563367       1.3620473222419633
0                         0                        91.59605661597362        -0.49018614264941857     2.30980449050307         -4.356854720175404       0.8206673654439385
0                         0                        92.81086900279512        -0.4915864617950559      1.9033967016802378       -4.363448812026732       1.4847407137427524
0                         0                        89.37890994098139        -0.4889146175119579      1.3391085260291893       -3.916280642761052       1.3819587808476683
0                         0                        89.26009271941712        -0.48875157663516366     1.4591274845945363       -3.8528307668927315      1.3624392895273445
0                         0                        89.12887182853436        -0.4885181904879959      1.3386604359248295       -3.9499693196650725      1.407787569365965
0                         0                        86.02303031458072        -0.48847031757783166     1.7190953346786149       -4.446452386418244       -0.3626559369569211
0                         0                        86.18737780255162        -0.4884141712643635      1.6673124560145585       -4.464027979070794       -0.3206074844863629
0                         0                        87.33847732119963        -0.48821462521437076     1.3046221134957676       -4.587128468722703       -0.026097638328394623
0                         0                        87.66717229714143        -0.4882198681668416      1.201056356167939        -4.622279654027771       0.05799926661271115
0                         0                        86.27250521005494        -0.488387805814603       1.6404903714902073       -4.473131645067326       -0.2988275607860089
0                         0                        87.83742711214805        -0.48823345095812976     1.1474121871192011       -4.640486986020626       0.10155911401329831
0                         0                        84.70758330796183        -0.4891687345477757      1.4750279330046254       -1.5961735047753791      -0.4756019766821554
0                         0                        86.58619590206365        -0.48830665449117133     1.5416521887906072       -4.5066782473894875      -0.2185695153712146
0                         0                        88.15509642997625        -0.48827862261522315     1.047320412407828        -4.6744590691799175      0.18283509441909018
0                         0                        88.65392432781856        -0.48840165745739367     0.7732422227324491       -4.543556527623053       0.11222641949745081
0                         0                        83.37713052751046        -0.4900297024545324      2.037006018107533        -2.0719875124462135      -0.8186459957481464
0                         0                        82.04667774705908        -0.49134707423027285     2.5989841032104692       -2.5478015201165505      -1.1616900148141234
0                         0                        80.71622496660771        -0.4931208498749967      3.940383076225796        -4.614661059628877       -1.2432428732105052
0                         0                        79.38577218615634        -0.4948488108102053      3.4223991372156384       -4.648646878968322       -1.3543103216084518
0                         0                        78.05531940570495        -0.4967245417409528      2.9044151982055126       -4.682632698308062       -1.4653777700065405
0                         0                        76.72486662525355        -0.4987480426672389      1.2597424930462395       -3.7175488275905124      -0.8557132185487291
0                         0                        73.75502720716776        -0.501655794333767       0.39336709572556716      -6.757613725803229       -0.10657775632311095
0                         0                        74.07414737219716        -0.5015918640898014      0.461644017335896        -6.940821469698699       -0.29408789236427424
0                         0                        75.23994691621064        -0.5008497267116802      0.7110710758628187       -7.6101101192375395      -0.9790939027948014
0                         0                        75.39950699872536        -0.5006860226245656      0.745209536667943        -7.701713991185137       -1.072848970815528
0                         0                        73.66631203029368        -0.5016629371399497      0.3743861605142431       -6.70668210447201        -0.05445007306292915
0                         0                        75.1955893277736         -0.5008925788914815      0.7015806082570322       -7.584644308571974       -0.9530300611647817
0                         0                        72.74878774566898        -0.5014655670629466      0.7998755266477815       -5.817833889836095       -1.0342139902075393
0                         0                        73.03848730427967        -0.50158131990169        0.24006077371491585      -6.346246242939394       0.3144501491278646
0                         0                        74.48430802428018        -0.5014218156013002      0.5493993827398          -7.176295801745109       -0.5350920284198963
0                         0                        72.65194885841835        -0.5015665028068366      0.7478856080139167       -5.768971795617588       -1.0503978172140913
0                         0                        72.16741173779963        -0.5021968920652978      0.32363031662107034      -5.231935828834239       -1.4502524677018727
0                         0                        69.88390387429676        -0.5035739675101296      -0.15159538222428992     -4.6544231912540575      -1.4951288047751028
0                         0                        70.02970214780683        -0.5033642846338382      -0.07053761045319362     -4.7852759136243925      -1.3812135721734577
0                         0                        71.02565780604817        -0.5023761640532582      0.4831722826494911       -5.679137727645653       -0.6030526396872062
0                         0                        71.31725435306838        -0.5022335332743338      0.6452878261917334       -5.940843172385996       -0.37522217448392325
0                         0                        70.07423436137937        -0.5033035508618023      -0.045779553191511724    -4.825243200196823       -1.3464196247195233
0                         0                        71.40631878021344        -0.5022032132293093      0.6948039407151327       -6.020777745530879       -0.30563427957605427
0                         0                        68.74214994254531        -0.5057903024359122      -1.050707845823979       -0.07950348916523353     -2.517775622546054
0                         0                        70.25922184628708        -0.5030678486261053      0.05706578901416037      -4.991267909693104       -1.2018850437239905
0                         0                        71.60611638757949        -0.5021577430380275      0.8058830945925308       -6.20009441518323        -0.14952824094874018
0                         0                        67.41169716209394        -0.5092861093363904      -1.3013383291809113      0.8150847273121258       -3.023072073568187
0                         0                        66.08124438164256        -0.5138344117274793      -0.8962425561128704      0.9554915532788115       -3.8141527538259865
0                         0                        64.7507916011912         -0.5194352096091783      -0.476702661046815       1.2571713233615327       -4.773266704214285
0                         0                        60.75943325983707        -0.537865555587784       -2.7879326069748913      5.551781273429924        -4.49079262724139
0                         0                        62.089886040288434       -0.5320869396152456      -0.5629997951357382      2.7614594820223317       -4.480453875269581
0                         0                        63.420338820739815       -0.5259434909557107      -0.3629337255840994      1.866568134261371        -4.754670812809599
0                         0                        59.42898047938571        -0.542783315373915       -3.9349613012048508      5.834287803276069        -3.2410251703713695
0                         0                        58.09852769893431        -0.5464896174866507      -4.9025113052619815      6.270030904601015        -2.330464727192767
0                         0                        56.76807491848293        -0.5489844619259903      -5.9057014121679         6.679754540534844        -1.3566482880343926
0                         0                        54.41934474510621        -0.5498074456720199      -7.616629694278636       6.270120582267946        0.14917829046901687
0                         0                        54.4654474275015         -0.5498138711078882      -7.5783164400173675      6.25903802892177         0.12956626557051365
0                         0                        55.593709831794555       -0.5496892946235217      -6.640683267211024       5.987816754270579        -0.35039518602792796
0                         0                        55.62160279896841        -0.5496793555782268      -6.617503046713786       5.981111606530069        -0.3622608202662221
0                         0                        54.47226303585232        -0.5498147443003876      -7.572652384866501       6.257399635249003        0.12666691408528408
0                         0                        54.47513067945388        -0.5498151057868454      -7.5702692532842875      6.256710286787184        0.12544702199240731
0                         0                        54.484732830396226       -0.549816290736925       -7.562289464877381       6.254402040400484        0.12136227868519
0                         0                        54.35010121313647        -0.5497960962176055      -7.674173960869567       6.286765929069087        0.17863440457111324
0                         0                        53.32865855993935        -0.5493917125518457      -8.523035459854839       6.53230896704428         0.6131548642510438
0                         0                        51.843453495629824       -0.5485936253895197      -9.904381285301682       6.338043951921023        0.7385079033226862
0                         0                        51.91043695296973        -0.5486450977521397      -9.901379613208931       6.332819449187539        0.7983599940345174
0                         0                        52.41223394490365        -0.5490282081770724      -9.721334102214826       6.444458279073412        0.6524631031619084
0                         0                        52.5245586126206         -0.5490987046247727      -9.668447027481022       6.470835303863495        0.6027633601378515
0                         0                        52.403293382925575       -0.5490223571063364      -9.725543686619744       6.442358780986954        0.6564189896277188
0                         0                        52.10217297476219        -0.5488046360235165      -9.867323563240802       6.371647149852137        0.7896542549454253
0                         0                        52.89164649237486        -0.549257220030297       -8.437069975686251       6.683032239630467        0.37518097204331013
0                         0                        49.04446459070655        -0.5466589293574998      -8.347098238793093       6.434686732330491        0.44109078569745463
0                         0                        49.06512826391001        -0.5466680820695573      -8.358013987589702       6.434087170845338        0.4447838569477156
0                         0                        50.44395904316819        -0.5474512554193128      -9.086392251757701       6.394080061683081        0.6912124691229913
0                         0                        50.463416767752754       -0.5474647386736801      -9.096670948658527       6.393515491089495        0.6946900097592632
0                         0                        50.48528638957513        -0.5474799740212999      -9.108223749350609       6.392880938713148        0.6985986116236589
0                         0                        50.28989858637557        -0.5473468878708252      -9.005008597009269       6.398550163167041        0.6636783401133783
0                         0                        50.61707681205417        -0.5475735947209199      -9.17784308234151        6.389057007670964        0.7221525758940537
0                         0                        50.33182281708187        -0.5473748691400151      -9.027155403454216       6.397333721454476        0.6711711594969252
0                         0                        50.364687520758046       -0.5473970234995754      -9.044516443094485       6.396380144113991        0.6770448340901467
0                         0                        47.64497013824493        -0.5462166472040818      -4.637979764102738       1.8194948001373632       -1.0909163740694794
0                         0                        46.68966776865132        -0.545552863495132       -5.036087699562017       6.437834644857043        0.350322190519222
0                         0                        46.789994177292364       -0.5455916400338785      -5.1081149944411095      6.476404647629405        0.42268542077113835
0                         0                        45.734365399057694       -0.5455473199666332      -4.350247885246034       6.070573267292289        -0.33871638135292415
0                         0                        45.91096644164262        -0.545498749883625       -4.477034994866656       6.138466684333375        -0.21133793653075372
0                         0                        45.9350182163398         -0.5454938754564729      -4.494302475004176       6.147713272837009        -0.19398992084920508
0                         0                        46.215448241549055       -0.5454678358688924      -4.695631480918788       6.255523240284971        0.008278083743364917
0                         0                        46.28653315608037        -0.5454702466480746      -4.746665442661786       6.282851492015282        0.05955006793322948
0                         0                        45.51771314921221        -0.5456376313770098      -4.194706829833052       5.987282357248173        -0.4949828803987515
0                         0                        45.080042255387234       -0.5459233534718648      -3.8839299665183233      5.811099612903616        -0.9143375354895653
0                         0                        43.20599924075287        -0.5471148676660145      -2.9316396608991937      6.170286634180986        -0.35725995170275837
0                         0                        43.9369174934638         -0.546774335596482       -3.3030539565270356      6.030195746224675        -0.5745325388238918
0                         0                        43.07818490756276        -0.5471581025158914      -2.8666911247846656      6.194784070609403        -0.3192658932147623
0                         0                        44.05389934872002        -0.5467050917507466      -3.362497995870722       6.007774508395609        -0.6093065374802983
0                         0                        44.344484928613205       -0.5465154857530801      -3.510158336921762       5.952079645442565        -0.6956859383083938
0                         0                        44.40924204048249        -0.546469811863984       -3.5430645025600924      5.939668023117353        -0.7149356220837788
0                         0                        43.02775644205283        -0.5471738246347075      -2.8410660252232134      6.204449403887626        -0.30427553947099284
0                         0                        43.00939104135782        -0.5471793626458445      -2.9366148364563287      6.200356243653765        -0.19300604473599492
0                         0                        44.434367562977194       -0.5464517549040917      -3.555831974442242       5.934852359062489        -0.7224044289646656
0                         0                        42.40031512321719        -0.5474153757265844      -2.1933011330595047      6.119231637249431        -0.721254782428403
0                         0                        42.78665638398526        -0.5472381932776407      -2.6536731366215065      6.076415158802547        -0.3352515016193962
0                         0                        42.01201204141656        -0.5477266278306552      -1.5508556176227906      5.946639889789218        -0.8818852319497239
0                         0                        41.69911046394979        -0.5474334393641611      -1.1004891096883762      4.409777236645027        -0.6244179437402138
0                         0                        39.18275736633539        -0.5480463115227284      0.18183232108796687      6.320272735443183        0.13730652909144103
0                         0                        39.467616348820165       -0.5480731428863904      0.03666955425070384      6.103998713985305        0.051076954048794754
0                         0                        40.44093391514259        -0.5479794714105368      -0.4593283943000621      5.365024986044062        -0.24355570732446452
0                         0                        40.9320223401776         -0.5478233621002722      -0.7095846927606377      4.99217499673577         -0.39221293354126985
0                         0                        39.81428710763222        -0.5480726598542901      -0.13999219638739469     5.840795221238778        -0.053863644809433175
0                         0                        41.34244730660353        -0.5476368926001914      -0.9187352808368985      4.6805672769391435       -0.5164525489927598
0                         0                        38.28612690866092        -0.5478015171565304      -0.7257406496950694      7.95521568697302         1.6356544985345778
0                         0                        38.643051195491495       -0.5479281192856861      0.4568639888818673       6.730034867414474        0.30068081820044856
0                         0                        39.98818129063232        -0.5480587164322989      -0.22860783532919093     5.708769213361137        -0.10650309950268122
0                         0                        41.39331134595396        -0.5476102321596508      -0.9446553505506952      4.641949676602309        -0.5318495867125428
0                         0                        38.170810745227975       -0.5476132049587367      -0.5938811540464854      8.160363551219348        0.91625160339491
0                         0                        37.792829886340115       -0.5473342594169511      -0.10937023446354033     5.734531308317486        -0.37319960520130735
0                         0                        37.858931069586504       -0.5473102972542925      -0.32495534634927026     8.16656845133744         1.0262135721325603
0                         0                        36.78662806581575        -0.5452441124323646      2.4202366246407925       6.608019058279771        2.0674445797950964
0                         0                        37.05499009285215        -0.5457996388803937      2.427020969756576        6.514589736251883        2.0726825027463462
0                         0                        37.06762305675267        -0.5458258245610943      2.4273403382897243       6.510191613069431        2.0729290744847972
0                         0                        37.67648574684172        -0.5470915715522119      2.4427327343868797       6.298218149568399        2.0848129311307417
0                         0                        34.905656062599284       -0.5414024641287964      2.191798132011087        7.427179220189032        2.0595507404686932
0                         0                        35.154112958474464       -0.5419136099962653      2.111133197367849        7.45473039939975         2.055013000404907
0                         0                        35.654707062569024       -0.5429400489981949      1.9486084642653765       7.510240864606004        2.045870304188587
0                         0                        36.374004026675905       -0.5444069125884611      1.7150788518374895       7.590003108652439        2.0327332864364234
0                         0                        36.431544403606104       -0.5445238465933792      1.6963975802708973       7.596383713348729        2.031682386751122
0                         0                        35.70548919719812        -0.5430439191099823      1.9321213486371533       7.51587205341616         2.044942834954897
0                         0                        34.34787037096804        -0.5402508350502023      3.0707628550222097       8.246525273450331        0.9645767829470984
0                         0                        34.20746617235528        -0.5401051208929766      2.7168400345033774       8.248589505676641        1.367967249362195
0                         0                        33.80061997456692        -0.5395831121010178      2.632603268766971        8.322805248778756        1.1981562380701547
0                         0                        33.838315895312185       -0.5396285742511328      2.6404081406383          8.315928864569642        1.2138899046452707
0                         0                        33.12948714806041        -0.5377955215729977      3.646062833427539        8.34666183474575         2.8917993191998406
0                         0                        33.28381397253553        -0.5382281557527684      3.0267852737503507       8.232774896471051        2.5449999977322193
0                         0                        31.6565785653316         -0.5343692890837862      2.947307188027267        7.1181685767376734       2.149805203609974
0                         0                        32.24352599269415        -0.5356723622015631      3.0378307086246963       7.373992708989945        2.2903645868330607
0                         0                        32.47910519015296        -0.5362185695987007      3.074163533916007        7.476671144838079        2.346779974568504
0                         0                        31.226128435884423       -0.5334660910187282      2.8809198774391405       6.930554617275405        2.04672305028107
0                         0                        31.366429803674897       -0.5337556060343358      2.902558227255426        6.991705708490045        2.0803217557232365
0                         0                        30.2766750938744         -0.531630761856321       2.7344879226250782       6.5167303699741055       1.819352471706937
0                         0                        31.00967277326474        -0.5330286762981288      2.8475364299273025       6.836211274960121        1.9948872758750493
0                         0                        32.649405775910346       -0.5366217002683115      3.100428592529255        7.55089755344369         2.3875627503005283
0                         0                        30.083453831439463       -0.5312836946140884      2.7046878619816397       6.432513863536336        1.7730807611459483
0                         0                        33.31714635695992        -0.5383131517550073      3.021540450804114        8.260646006140735        2.5549053169765727
0                         0                        29.645458090671244       -0.5306498116358827      2.3322199294401287       6.399343933516036        1.8353357173195661
0                         0                        30.009338688373465       -0.5311742861148313      2.551257413411818        6.504863328602966        1.4702975580528133
0                         0                        27.9604756186967         -0.527605975955777       1.739919719138868        5.3584393405957655       1.777563206832582
0                         0                        28.122002479907856       -0.5278935474472427      1.7966991785433173       5.458223198594943        1.783101431970607
0                         0                        28.802966854683973       -0.5291157255873884      2.036069824289431        5.878891637055865        1.806449462076138
0                         0                        29.12602057710629        -0.5297010949547263      2.1496287430984253       6.078459353054271        1.8175259123519325
0                         0                        28.389653109104206       -0.5283720237636496      1.890782960776573        5.623565434411913        1.792278292287689
0                         0                        28.797498391123806       -0.5291058475969882      2.034147565648585        5.875513472041973        1.8062619664352724
0                         0                        28.293510175036236       -0.5281998673339572      1.8569870720866604       5.5641727562607795       1.7889818670968367
0                         0                        29.26138004595205        -0.529947428400599       2.197209915720137        6.162078200822862        1.8221669436170203
0                         0                        29.61431697473193        -0.5305926738586196      2.321273293598722        6.380106385856578        1.8342679908138138
0                         0                        27.11798438270943        -0.5261205627410487      1.5885776662215552       3.9108271915605783       3.1054271679346925
0                         0                        25.597466919336433       -0.5233336156831299      -0.11797457610521178     2.8495771615168906       1.6785027207662582
0                         0                        24.076949455963426       -0.52101617734256        -1.1578779747528216      2.072572261953283        1.3697205274281543
0                         0                        22.55643199259043        -0.5191682477193396      -1.1650808297101776      4.810612041604102        5.464961106183154
0                         0                        17.994879602471432       -0.5136232827809682      -5.3945835437605645      4.166708004554907        6.712296923686807
0                         0                        19.515397065844436       -0.5160903142870616      -4.321396360174312       2.317642468218395        1.4190409699879751
0                         0                        21.03591452921743        -0.517938635933185       -3.187750514441136       2.146072544929801        1.012133535596007
0                         0                        17.05339722778375        -0.5118036419410175      -4.222529393389308       1.285967841287544        2.1090929895638943
0                         0                        17.132648728054498       -0.5119696142431392      -4.27686808366515        1.293870396820946        2.0794031664653474
0                         0                        16.252245489027835       -0.5099937120700611      -3.6732207235526424      1.2060810746699158       2.4092267828351144
0                         0                        16.270417853637564       -0.5100374315599949      -3.6856805822145695      1.2078931302147318       2.402418908047819
0                         0                        16.291526545150035       -0.5100880600168475      -3.7001537296793323      1.209997981307061        2.394511003280032
0                         0                        16.2882151232671         -0.5100801287267185      -3.6978832574807186      1.209667783200703        2.3957515543052086
0                         0                        15.947003745789928       -0.5092408629739322      -3.463932110865116       1.1756439243469394       2.5235788560202934
0                         0                        16.111914853096067       -0.5096519350284651      -3.577003201662791       1.1920880191478709       2.461798554244737
0                         0                        16.24924462887341        -0.5099864806306132      -3.6711631876079984      1.2057818441955153       2.4103509887720946
0                         0                        15.912671303628851       -0.5091540015587596      -3.4403921156016395      1.1722204682628394       2.536440746720306
0                         0                        15.408186979220627       -0.5078267347315354      -3.0944930807638684      1.1219158636084359       2.7254346496304294
0                         0                        15.04970192354209        -0.5066920426225788      -2.648671687811124       0.4749691665072504       2.423222716253278
0                         0                        15.062356708202625       -0.5067350760654917      -2.884034019283945       1.1278662385838771       3.391955877247625
0                         0                        15.073689972504532       -0.5067734305973771      -2.888827862474521       1.126236881646662        3.376532153010686
0                         0                        13.590114293382321       -0.5028102747772086      -2.272940837819739       0.4373203226825453       2.8444309293796763
0                         0                        13.780969553432213       -0.5033486854802934      -2.3384442753460633      0.42394108964990806      2.797653055561156
0                         0                        13.374748186573932       -0.5021919966703248      -2.1990250320992146      0.45241780194290016      2.8972163153648722
0                         0                        13.834924831842276       -0.5034992768713873      -2.3569622675020554      0.42015874567359646      2.784428828968565
0                         0                        13.93874444193683        -0.5037870343013595      -2.392594197908604       0.4128808390733525       2.7589830507404294
0                         0                        14.084554016725818       -0.5041867150226808      -2.4426375049173963      0.4026593744986826       2.723245697265309
0                         0                        13.188502485319088       -0.5016481517058019      -2.135103641336997       0.46547389815827955      2.9428644044467944
0                         0                        14.56238210272526        -0.5054686953060223      -2.562942863432303       0.42729405335863646      2.5974937180008784
0                         0                        14.256791875395692       -0.5046582287824053      -2.5091837306994815      0.3973977757135785       2.7067761907551766
0                         0                        14.415128031107104       -0.505082326602577       -2.537038071741932       0.4128880016732339       2.650153415957039
0                         0                        9.557791604230648        -0.4900982612480639      -3.1137098787552873      -0.9150511331366147      2.263526493859711
0                         0                        9.75734219559831         -0.4910159534002495      -3.081880323312756       -0.548678892336735       4.5739615998775065
0                         0                        9.877676970886785        -0.4913960983396036      -1.144358115793807       0.7228486851456637       3.1813679607954413
0                         0                        13.023583518691025       -0.5011015027981113      -2.0518829700793173      0.4158639558801056       3.303216611574456
0                         0                        11.670691074924596       -0.4967595141836465      -1.5211061309560021      0.41810000751292087      3.115606458168969
0                         0                        11.96789979105298        -0.49769162429785513     -1.6377092679114393      0.41760878292372716      3.1568213922039092
0                         0                        12.247800556335667       -0.49858065316501154     -1.7475220206912294      0.41714616480047834      3.1956361743804718
0                         0                        10.747297096786873       -0.4939417023125196      -1.1588333285320846      0.41962618693832354      2.9875563040785664
0                         0                        11.395993895661544       -0.4959088979229042      -1.4133348877968874      0.41855402518375584      3.0775132747980365
0                         0                        11.662829344524209       -0.4967350244111177      -1.5180217583355988      0.41811300132864204      3.114516245526218
0                         0                        10.734657738810052       -0.49390395259568554     -1.1538745614797215      0.4196470771851395       2.9858035617228325
0                         0                        9.400035316566006        -0.4897405184849822      -2.6796978175665913      2.375547092944956        0.701146019896072
0                         0                        9.344380818569586        -0.4897044300542128      -2.7691122065695026      2.4179408092694956       0.5957278022890193
0                         0                        9.31027851671629         -0.4896224763545417      -1.585883958720899       1.3550090801392516       2.4088889244720235
0                         0                        6.799515997769173        -0.48243679016907615     -1.8427262084446046      0.45145381934961826      2.9487247641081034
0                         0                        6.898380607367332        -0.4827279768985799      -1.8143874982357975      0.49185804593381555      2.941891315547295
0                         0                        8.054897257242732        -0.486084098619546       -1.4828817114270691      0.9645060537501067       2.861953741638189
0                         0                        8.252626476438982        -0.4866486393258076      -1.4262042910096966      1.0453145069186576       2.8482868445163945
0                         0                        6.913585263082679        -0.48277269935363587     -1.8100292113431404      0.4980719212239304       2.940840381010254
0                         0                        8.283035787869691        -0.4867352218093107      -1.417487717224816       1.057742257499136        2.846184975442327
0                         0                        5.5441347382956465       -0.47868055100313206     -4.050142565539737       1.686303026858127        3.6037373869530427
0                         0                        6.971416636240954        -0.4829426566075436      -1.793452333817946       0.521706585987129        2.9368431193481044
0                         0                        8.3482881340621          -0.4869207949062916      -1.3987836800905598      1.0844097433814426       2.841674781622743
0                         0                        2.6465888914139213       -0.4663105226207572      -2.871298150241259       -0.8060883486655328      6.8523660003403535
0                         0                        2.7707541844842494       -0.4670855013412803      -1.5415399337527589      -3.5093424198145016      4.734095104103233
0                         0                        2.437539638001797        -0.46482238043732016     -2.9855470533726276      -0.9480465154457534      7.384873876363912
0                         0                        4.524354619403041        -0.47477376100988306     -1.3637961751859287      -2.016053068425367       4.034447051235439
0                         0                        4.619674553691847        -0.475156511702462       -1.3541346108697567      -1.934882785837505       3.9964164913103915
0                         0                        3.504574500510473        -0.4704520532159827      -1.4671604009435981      -2.8844531680016683      4.441316917556833
0                         0                        3.695214369088048        -0.47129149514851115     -1.447837272311304       -2.722112602825881       4.365255797706851
0                         0                        4.517756123067766        -0.47474713104001814     -1.3644649943285856      -2.0216720589982913      4.037079706326573
0                         0                        3.491377507839873        -0.470393406446044       -1.468498039229047       -2.8956911491477335      4.4465822277391
0                         0                        4.463976302975755        -0.47452944064380614     -1.3699160806580473      -2.067468599113123       4.058536673182644
0                         0                        3.425628142640724        -0.47010018410042986     -1.4751623505859328      -2.951680429805574       4.472814780162594
0                         0                        2.385799596752503        -0.4645219960335242      -1.3701955970675357      -1.9094008003758773      5.840709127546219
0                         0                        0.05805861203419757      -0.4452353792263374      -0.7913321713955099      -2.1200044557935485      11.002145251469448
0                         0                        0.16878923653882208      -0.4464393441029532      -0.8169894787791776      -2.102935406968129       10.743688514068424
0                         0                        0.054502912530900685     -0.4451962441488975      -0.790508283012997       -2.1205525644011516      11.010444622098975
0                         0                        1.2312161674895128       -0.45653641731145        -1.063163601448636       -1.9391630337967172      8.263874103836141
0                         0                        1.4487239026575598       -0.45827866108285104     -1.1135621505808189      -1.9056343675571554      7.756188539498947
0                         0                        1.2201512546417024       -0.4564448353798805      -1.0605997590483298      -1.9408686824237122      8.289700755560212
0                         0                        0.18456104398950865      -0.4466085011854903      -0.8206439520882896      -2.100504193808689       10.70687548321207
0                         0                        1.4802675175589142       -0.4585221580911745      -1.1208710971990143      -1.900771941238503       7.682562477786446
0                         0                        0                        -0.4445926760427743      -0.7778794552937711      -2.1289541504961846      11.137660060597762
