% Model:              AluminaWithRodsOriginalRydberg.mph
% Version:            COMSOL 5.5.0.292
% Date:               Mar 10 2026, 10:24
% Dimension:          3
% Nodes:              554
% Expressions:        4
% Description:        Electric potential, Electric field, x component, Electric field, y component, Electric field, z component
% Length unit:        mm
% x                       y                        z                        V (V) @ Length=0.163     es.Ex (V/m) @ Length=0.163 es.Ey (V/m) @ Length=0.163 es.Ez (V/m) @ Length=0.163
0                         0                        1.9286968240785323       -0.45284974018943636     -2.5738188384668916      -3.0106464669443085      7.164240518019085
0                         0                        3.2021932915977747       -0.46039641447737245     -2.6426443815291165      -2.4498078308928157      7.0386399028415525
0                         0                        0.6552003565592898       -0.4421491444930617      -2.675554991217311       -2.1833200301505578      9.640824857968333
0                         0                        0                        -0.4354150522447106      -2.727897157259484       -1.7576693980498277      10.915001099497246
0                         0                        4.527062380452598        -0.46669739444921365     -1.6469814744915254      -2.209186190101537       4.026893748980825
0                         0                        5.851931469307422        -0.47106662858162746     -1.3356585442394078      -1.1905048971772203      2.568828302607585
0                         0                        7.1768005581622445       -0.473504116874614       1.4838480237945646       -3.4446881368698143      -0.4642666976847636
0                         0                        8.395214944319667        -0.47544870232834485     -1.338411307746128       -0.6912060886277024      1.5116344838831703
0                         0                        8.408069771205769        -0.4754681226863724      -1.3328081290304397      -0.6825153517151294      1.5098543622742642
0                         0                        9.613629330477087        -0.47718771127816384     -0.8073272553307618      0.1325248705189841       1.342909864207503
0                         0                        9.639338984249296        -0.47722219125950965     -0.7961208978990442      0.14990634434403943      1.3393496209898013
0                         0                        8.368551906263413        -0.47540834833704915     -1.350033227563813       -0.7092321150448782      1.5153267506575694
0                         0                        8.393329209274404        -0.4754458515400077      -1.3392332643981035      -0.6924809737206475      1.5118956182984356
0                         0                        9.560303254364579        -0.4771159022704339      -0.8305710949663023      0.09647281768469163      1.350294397756298
0                         0                        9.609118037810143        -0.4771816516095967      -0.8092936434647413      0.12947492997501187      1.3435345828156882
0                         0                        8.410381870736678        -0.47547161324979487     -1.3318003280699884      -0.6809522152439254      1.5095341853965265
0                         0                        8.436551522000228        -0.4755110698143331      -1.3203934663312964      -0.6632597518414955      1.5059102422564439
0                         0                        9.644796109862208        -0.4772294981966656      -0.7937422388663151      0.15359573226193846      1.3385939245255405
0                         0                        9.696302485838215        -0.4772982606328859      -0.7712915725007576      0.18841754409128386      1.3314613809540776
0                         0                        10.752054602465744       -0.4786267786747681      -0.3111089623682801      0.902177750414486        1.1852620448549995
0                         0                        10.920267676920469       -0.47884987464122        -0.21072860291558015     0.8290609783749971       1.3741074990429496
0                         0                        10.98164523270767        -0.47895544306875504     -0.57629815949349        1.1309045776782796       1.749801505880498
0                         0                        10.998799752632022       -0.47898560303391        -0.947729191703047       0.4942458685053026       0.8201938855984565
0                         0                        13.595973710086776       -0.4823069655777134      -0.01629828714723658     0.8916382222501511       1.3708580574909348
0                         0                        13.7873837806521         -0.48257033947566486     -0.04427178391608777     0.9039415366353722       1.381075497242506
0                         0                        13.36189835467376        -0.4819875438654681      0.017910499146069014     0.8765925003662858       1.3583631514798924
0                         0                        13.850483635648219       -0.482657591407652       -0.11729386692853438     0.8450063745212901       1.5127919510492123
0                         0                        12.200382759359675       -0.48044579174803337     0.18765941913087403      0.801933463408055        1.2963616299260616
0                         0                        12.300049876659353       -0.48057526149992214     0.17309363491933283      0.8083397923665405       1.301681845122852
0                         0                        12.524833053456867       -0.48086920625466273     0.14024284785624275      0.8227882384930894       1.3136807360867948
0                         0                        11.82137175574283        -0.47995829041534444     0.24304972881397902      0.7775716755501385       1.2761300815898302
0                         0                        12.835927695695524       -0.48128046834063615     0.0947781293917842       0.8427845489052572       1.330286919631675
0                         0                        11.149642925219966       -0.4791131200646054      0.34121908957327207      0.7343947885706399       1.2402733012487346
0                         0                        11.038207234451344       -0.47901818391470063     -0.9381651929454051      0.4980224433504077       0.8333439344665621
0                         0                        13.92939882265355        -0.4827773816566618      -0.09144608999351078     0.8609126476235929       1.5231318946777426
0                         0                        14.077362141097415       -0.48300418359206676     -0.042982378573242386    0.8907363741028576       1.54251894082034
0                         0                        14.078605717106345       -0.4830061019329297      -0.012631353798482792    0.9468644012971623       1.6209746669716978
0                         0                        14.315415571971194       -0.48337926249699165     -0.04438222238516687     0.9138968223030446       1.5305881282073805
0                         0                        14.381622353388524       -0.4834797612856063      -0.05325906079866627     0.9046798186543299       1.5053180573378029
0                         0                        15.099303892473857       -0.48446180388252236     -0.1494839930236509      0.8047674951327224       1.2313904782259542
0                         0                        14.108866939345857       -0.48305497984560664     -0.016688702219099127    0.9426515730969669       1.609424441840396
0                         0                        14.082490622183931       -0.48301239638536325     -0.013152232081509396    0.9463235626774917       1.619491860761638
0                         0                        15.13319828802856        -0.48450332187343415     0.13611717512641874      0.6366901043399196       0.9022067389052921
0                         0                        15.20201672160807        -0.4845640212512736      0.09138379090292759      0.5697020732974849       0.8618374185165436
0                         0                        15.555271100933863       -0.48483186819330876     -0.29934491379532346     0.8385943755118141       1.0510319085694242
0                         0                        15.565696882846652       -0.4848428163646974      -0.3048203836610526      0.839092674468283        1.0491791797335566
0                         0                        15.579569417403153       -0.4848573540395673      -0.312106038162586       0.8397557105411799       1.046713940673726
0                         0                        15.92298657641111        -0.4852063346308007      -0.49246376300681227     0.8561692911666021       0.985686491742889
0                         0                        16.246872246419066       -0.4855162634853299      -0.662563832324981       0.8716493666915          0.9281299146548854
0                         0                        16.398387083838276       -0.4856548491573807      -0.7421372334795038      0.8788909995997258       0.9012047486860517
0                         0                        15.561170176621697       -0.4848380652180758      -0.3024430230243098      0.8388763211044257       1.0499836046893414
0                         0                        16.411526114127273       -0.48566667477477127     -0.7490376621488792      0.8795189779266295       0.8988698580758232
0                         0                        17.83671793413319        -0.48664416079118156     -1.4506973701786041      1.0990461088204446       0.7650957666646505
0                         0                        18.33370822174452        -0.4870381377900676      -1.7266357991444643      1.1491591774108656       0.8203557349311179
0                         0                        18.33595743811177        -0.4870399832288653      -1.727884606709214       1.149385972857175        0.8206058235710394
0                         0                        17.54458462446019        -0.48642539538116436     -1.2884994187716954      1.0695894032263742       0.7326136883936745
0                         0                        17.698911140147946       -0.4865397811778509      -1.3741844257993332      1.0851506233523462       0.749773135111595
0                         0                        16.985599553960043       -0.486033246600144       -0.9781403111310372      1.01322520883991         0.6704605678453408
0                         0                        16.43783928712916        -0.48568267562197276     -0.6740134272725165      0.9579928461417389       0.6095555245935547
0                         0                        18.98629616616862        -0.4875971681888814      -2.0889649967869772      1.2149616392205829       0.8929164871205728
0                         0                        20.2736811921893         -0.48883883580786286     -6.691120032433808       3.9599176202394233       -1.0499443080573272
0                         0                        22.12566732960611        -0.4888677324056737      -4.538282466118053       1.0526331145217043       0.1493857138920518
0                         0                        22.165502718380516       -0.4888737978741906      -4.576583511610176       1.0608448082890547       0.15514092454038675
0                         0                        22.112648340981945       -0.48886579979857625     -4.525764931059376       1.049949371472465        0.14750479784566295
0                         0                        21.93610645993697        -0.4888420104500523      -4.356022929657615       1.0135569096722978       0.12199894124621924
0                         0                        22.244848343907496       -0.48888656241500106     -4.652872974482824       1.0772011687680347       0.1666043695569961
0                         0                        22.33114107233163        -0.4889014770717965      -4.735841958060011       1.0949896096988994       0.1790714960186115
0                         0                        21.886579100436318       -0.48883614536006087     -4.308403219954669       1.0033473065571687       0.11484348486557883
0                         0                        21.259264768048396       -0.48879252949806545     -3.7052512106001423      0.8740323092154938       0.024212359208817702
0                         0                        21.19316476658562        -0.488791244681516       -3.6416971888885463      0.8604064105676201       0.014662573353124486
0                         0                        22.4005402408202         -0.48891425239775643     -4.8025680724819075      1.1092956008508992       0.18909792843859208
0                         0                        23.032131915378272       -0.4890625011590434      -5.409832673230277       1.2394923323770684       0.2803470223382547
0                         0                        23.89772874728516        -0.4886962977336592      -5.362622897971235       1.4161999181550122       -0.30182998927485727
0                         0                        23.955536484941977       -0.48867935468684576     -5.377211052090548       1.4459086188932755       -0.28435613390917425
0                         0                        24.743991149275505       -0.48854910913492067     -5.576182653913918       1.851113261347983        -0.04602570747488244
0                         0                        25.001778567089048       -0.4885472880437194      -5.641236965559926       1.9835960320000652       0.03189707996762081
0                         0                        23.78381417066129        -0.48873264181192805     -5.333875822448356       1.357656646893762        -0.33626356022325155
0                         0                        24.169106529043685       -0.48862551845165175     -5.4311068253019155      1.5556670834872381       -0.21979916952448342
0                         0                        23.744745049492238       -0.4887460100297007      -5.324016478630142       1.3375781439811085       -0.34807319333193476
0                         0                        24.146675824202795       -0.4886305247448367      -5.425446292776604       1.5441394381498164       -0.22657941915931445
0                         0                        25.068070646268403       -0.48855006676315327     -6.2085534433521445      1.6492473691323113       -0.5968743133285557
0                         0                        23.653101318714715       -0.4887791780966664      -5.309632714876692       1.3051832404314103       -0.37193176797956085
0                         0                        25.127499139298756       -0.4885179264206876      -6.086966382936225       1.6577515082277898       -0.4847732542488785
0                         0                        25.644391570230386       -0.48851934197913655     -5.029436096981378       1.7317181344346722       0.49025044201192003
0                         0                        23.385107879813983       -0.488888606578229       -5.252436335653414       1.2186846831941578       -0.4447186844447799
0                         0                        25.880898886133835       -0.48898181159214005     -5.372098713137984       2.052539044515754        1.8453183514157132
0                         0                        26.05069639113227        -0.4890551909762885      -6.675365223303885       2.869934723090296        0.7033937283414531
0                         0                        26.243076749875726       -0.48924963042804354     -6.472304967278546       2.6162869500719097       1.3180127502115795
0                         0                        28.235220778670236       -0.492048454342653       -4.414669671221219       3.167112994321654        2.0445046086587553
0                         0                        28.34499528972648        -0.4922767576086369      -4.314877507150264       3.1784206107430792       2.114990410486051
0                         0                        27.074486997688613       -0.4901078778507581      -5.469852106559443       3.0475485140396046       1.2992018013567304
0                         0                        27.294036019801105       -0.49040859142463666     -5.270267778417537       3.070163746882372        1.4401734050112225
0                         0                        28.17910634148728        -0.49193473904320595     -4.465681341127329       3.161332776990255        2.008473739007286
0                         0                        28.089038834186113       -0.49175644521248346     -4.5475585581567906      3.152055133074592        1.9506417303778534
0                         0                        26.919867838975826       -0.4899146716857967      -5.610410969507743       3.031621555028039        1.1999214194642605
0                         0                        26.782123108720366       -0.48975548027568283     -5.735629880430707       3.017432791545417        1.1114760447948413
0                         0                        29.395954559651855       -0.4948541289800436      -2.7628668088351986      2.812610284262721        3.3078427640321166
0                         0                        32.05661762516177        -0.5049109699075622      0.547747391092912        2.394205158793909        4.4666294202787995
0                         0                        33.38694915791673        -0.5113099066200744      1.9855623936691167       1.8225722560461506       4.744595998204574
0                         0                        30.726286092406816       -0.49942571069421876     -1.1053128173721944      3.0560729058265323       3.7798250586047004
0                         0                        34.7172806906717         -0.517251333644089       2.7575172592825368       1.5776445382036002       4.10609553859668
0                         0                        36.04761222342664        -0.5222348433630736      3.539119413879604        1.3388995582542123       3.386036454492756
0                         0                        37.37794375618161        -0.5262604357770281      3.519849849722914        -0.5586991126720449      2.907044272853426
0                         0                        40.038606821691516       -0.5316032833708864      2.0136787927126534       -1.2358107946478967      1.3070015342650834
0                         0                        41.368938354446485       -0.5328756895040101      1.5368203543679329       -1.911349297788263       0.5941249272612765
0                         0                        38.70827528893656        -0.5293981987952256      2.485359602441399        -0.5690399171795413      2.008088759195907
0                         0                        42.699269887201446       -0.532462213720441       1.4399988244040145       -2.596836736464752       -0.4019583769368677
0                         0                        44.02960141995641        -0.5318062136966215      0.9977150151729504       -3.0907810757958316      -0.5842619864353363
0                         0                        45.359932952711375       -0.530907689432551       0.6646118149304243       -3.4535177010866107      -0.5614121477390768
0                         0                        46.05145362656032        -0.5299092484154619      2.018296337378743        -5.339162005608415       -1.5675340032138827
0                         0                        46.13041408908328        -0.5297843599249916      1.9491597634740856       -5.307237501015464       -1.595783091943055
0                         0                        46.742974300409266       -0.5287397250921835      1.4128114067371627       -5.059573282051389       -1.8149341355005397
0                         0                        46.9008952254552         -0.5284486478923841      1.2745382589278478       -4.995724272865914       -1.8714323129587953
0                         0                        46.150005747855694       -0.5297530272266447      1.9320056065536306       -5.299316397459705       -1.6027922518356092
0                         0                        46.94007854300001        -0.5283750443236639      1.2402299450869094       -4.9798820657544525      -1.8854506327437601
0                         0                        46.25478105266751        -0.5295831304460453      1.840265951376125        -5.256954693984426       -1.6402769218549942
0                         0                        47.14962915262365        -0.5279720920587032      1.0567506347321824       -4.895158658803908       -1.960419972782633
0                         0                        46.56998815854312        -0.529048330667489       1.5642754280899709       -5.129513309047624       -1.7530461891239497
0                         0                        47.39334361038134        -0.5274836844069211      0.8433579812192704       -4.796622466418754       -2.047611854919378
0                         0                        47.434494974258214       -0.5273991194627163      0.8073264760956533       -4.779984558494526       -2.062334267787131
0                         0                        47.87182759138584        -0.5271037374822156      -0.39431992890120826     -4.020985831294624       -0.18328449219831455
0                         0                        48.28801963759621        -0.5269670301852921      -0.5230974466466733      -5.414801907835972       -1.9640930253171263
0                         0                        49.891170926856326       -0.524681666098445       -0.6645910179611292      -3.7588939205752006      -0.7058134657623434
0                         0                        50.02979727482261        -0.5245891799084555      -0.649184894561742       -3.7413622001153897      -0.6285099344637928
0                         0                        50.34711659954517        -0.5244178163557672      -0.6139198764363414      -3.7012316349002177      -0.4515601358851704
0                         0                        50.518128764759126       -0.5243487482080013      -0.5949145822860089      -3.679604162780006       -0.3561969927310109
0                         0                        49.30363961766423        -0.5251926002498393      -0.8767875201128135      -5.321857849925713       -1.5301862726030597
0                         0                        50.8019048419937         -0.5242701210609969      -0.5633773649545901      -3.6437157264740563      -0.19795223486130453
0                         0                        50.898456994049376       -0.5242536075932418      -1.7909494311411365      -4.055072347806465       -0.5836126851426826
0                         0                        49.10320506000463        -0.5255078842978897      -0.8069861034263965      -5.340200538628231       -1.6158186053185437
0                         0                        49.18244830169952        -0.5253811829977584      -0.8345825947585581      -5.332948624930502       -1.5819632476521432
0                         0                        48.664683907008566       -0.5262575335960595      -0.6542709325321638      -5.380331627262585       -1.8031694779157874
0                         0                        49.212887529940225       -0.525333227183214       -0.8451830684436032      -5.330162991083242       -1.5689585934111836
0                         0                        48.336597251790394       -0.5268721233214373      -0.5400146206589298      -5.41035634682374        -1.9433390472117926
0                         0                        51.03611642432915        -0.5241759274124383      -1.8902862352465348      -4.061247058983682       -0.5449722675318753
0                         0                        51.32671472512201        -0.5239331573995635      -1.7716605888528036      -4.263656073497977       -0.8274394654788324
0                         0                        51.750381048902085       -0.5236685194898311      -3.157251978039085       -4.363104377181841       -0.590144967896439
0                         0                        51.300092578983616       -0.5239552050640249      -1.7693173232148496      -4.25857543007605        -0.8289006618048518
0                         0                        53.393481872020004       -0.5231001580715987      -2.6945491698049295      -4.622264823524796       -0.061185463785272454
0                         0                        53.55444409333161        -0.5230947990987792      -2.648724447024307       -4.649484789668886       -0.005401251731365964
0                         0                        52.30475742386605        -0.5233721688061386      -3.0045007572917086      -4.438153033953222       -0.43850155068598307
0                         0                        52.626681866489264       -0.5232489627402173      -2.9128513117308046      -4.492592966241629       -0.3269331265780422
0                         0                        53.57159789641666        -0.5230947574359694      -2.643840889475001       -4.6523856314652         5.436922501531605E-4
0                         0                        52.66098947265937        -0.5232379504040636      -2.9030841966326193      -4.498394649834305       -0.31504323861514516
0                         0                        53.36887047666215        -0.5231017688926887      -2.70155584727425        -4.618102844751461       -0.06971496397728494
0                         0                        52.25553463315036        -0.5233941729219991      -3.0185141122309744      -4.429829076406776       -0.45556055106993787
0                         0                        54.48220632017396        -0.5232389405855491      -1.4217446313255806      -6.392912663866326       -0.6865876101807906
0                         0                        52.99921571981           -0.5231512176296926      -2.806793751045717       -4.555591344322633       -0.19782514520466865
0                         0                        51.83569112799544        -0.5236159815049176      -3.1380403717355705      -4.358830267474723       -0.6010645018117695
0                         0                        57.55346472260213        -0.5237096704361504      -1.1740187001741873      -5.550221919374874       -0.09368206063521711
0                         0                        57.82423229301696        -0.5236784093086571      -1.2131759862734484      -5.570321689502833       -0.1372254106352564
0                         0                        57.4074930540367         -0.5237216320670989      -1.1529088812262671      -5.539386068615947       -0.07020770052372782
0                         0                        57.188796177470046       -0.5237331405280523      -1.1212818434993075      -5.523151639433991       -0.03503807284024418
0                         0                        57.00052460188868        -0.5237368870709731      -1.0940547869572779      -5.509175758256571       -0.004761274558829243
0                         0                        56.756393578255064       -0.5237332571773465      -1.0587495680808625      -5.491053287206515       0.03449853263171976
0                         0                        56.87774536035392        -0.523736259538132       -1.0762989608793614      -5.500061540746935       0.014983407120365833
0                         0                        55.835501248822          -0.5236332989655688      -0.9255739283429065      -5.422693091390499       0.1825913672034929
0                         0                        58.54209110611811        -0.5235384652730002      -1.3169897586556374      -5.623610187477482       -0.25266751288398837
0                         0                        59.14657934042161        -0.5232086680051781      -0.6212680112494979      -6.007639842250242       -1.0552435151144266
0                         0                        59.43463225218439        -0.5229688197782423      -1.1659753478792965      -6.036807617587435       -0.6100632194572029
0                         0                        59.05758307207687        -0.5233087011043598      -0.45297629010917717     -5.998628223013284       -1.1927855549142805
0                         0                        59.09139106362023        -0.5232692586475557      -0.5169071176700584      -6.002051565953607       -1.1405359470948326
0                         0                        59.049773377958665       -0.5233180635251563      -1.2693383173308952      -5.621333244981997       -0.5018180245032848
0                         0                        59.64561575693378        -0.5228745043025504      -1.5649446283549011      -6.05817146851588        -0.28399222629034426
0                         0                        59.114206297381195       -0.5232436392916966      -0.5600506677230612      -6.004361799891242       -1.105275437319051
0                         0                        59.651473445465044       -0.522872867279213       -1.5760215027359692      -6.0587646086512095      -0.27493928009284474
0                         0                        59.735683797471545       -0.522855194344719       -1.7352630680352519      -6.067291613684262       -0.14479378295400913
0                         0                        59.12871000776111        -0.5232277712487097      -0.5874771478233924      -6.005830422316649       -1.0828602288228808
0                         0                        59.035398976667786       -0.5233252493115431      -1.2705535026798493      -5.620773415324948       -0.49798520087930953
0                         0                        59.02149334804219        -0.523332148328961       -1.2717290588528911      -5.620231842626183       -0.49427737188370635
0                         0                        59.017401104744536       -0.5233341687995664      -1.2720750095467572      -5.620072464916078       -0.4931862066609156
0                         0                        59.82809036582551        -0.5228792831135137      -1.8899009369602844      -5.929252030736038       0.10753593495761038
0                         0                        59.90750671242113        -0.5228412619689278      -1.3186079604699046      -5.815516389823657       -0.4514716733115023
0                         0                        60.29956639818209        -0.5227170693443159      -1.3425137223440942      -5.629615664467195       -1.6235456999192586
0                         0                        60.46787170760031        -0.5224317621775108      -1.3401717688982018      -5.747380947721496       -1.7668068420361145
0                         0                        60.70395605786886        -0.5219909256228219      -2.2548091813802804      -5.665375517156718       -3.1726890369585306
0                         0                        60.90771916617461        -0.5212576356680158      -2.050187150490893       -5.1167253154844445      -4.024786118415193
0                         0                        63.51819564299369        -0.5132493268292785      0.3262184024467061       -5.370633980810185       -3.0959906543210707
0                         0                        64.37995786911388        -0.5109769557308825      0.9097115676631802       -7.681703379845118       -2.456998375623087
0                         0                        61.411665297698846       -0.519820911694994       -1.7690497396197458      -6.205161197724458       -2.8739752125830966
0                         0                        61.91268899172266        -0.5183695115037289      -1.437371041107383       -6.185107803592725       -2.919763521043482
0                         0                        61.26558987794699        -0.5202397537945859      -1.865751962859676       -6.21100784330271        -2.8606254519673486
0                         0                        64.5273075098546         -0.5104314110715998      1.910984786526761        -8.044274474934454       -3.811667109352271
0                         0                        63.120474254261055       -0.5144898460076442      0.2501184683335973       -5.169819007573142       -3.142140929794338
0                         0                        63.26598903449927        -0.5140338465732409      0.2779612384292163       -5.243291411942058       -3.125255875624097
0                         0                        62.031468254067825       -0.5179804622685297      0.0417482694677318       -4.619964971609356       -3.2685055868747668
0                         0                        62.05542643330419        -0.5179021881280479      0.04633242288019801      -4.632061784248837       -3.265725558938385
0                         0                        62.829011010744004       -0.5154105933009591      0.19434994731266642      -5.0226552263318975      -3.175961361281473
0                         0                        63.03884046979055        -0.5147467375016886      0.2344986756957841       -5.128600992379468       -3.1516134443433153
0                         0                        63.374092348369786       -0.513696674077743       0.29864570573729665      -5.29787425484862        -3.11271192436552
0                         0                        62.54076616725515        -0.5163308682460793      0.13919723433478026      -4.877116459318753       -3.209408340266208
0                         0                        64.95732099083398        -0.5086284446373854      1.730105324074657        -5.2954463899680775      -2.294354109549772
0                         0                        65.05157835155933        -0.5084178088531472      0.1266172357509845       -5.630607188259461       -3.730306376386636
0                         0                        67.8606437502153         -0.4975422506521214      2.2141871145073324       -6.425375425660937       -4.0128798137457515
0                         0                        67.88779314538685        -0.4974332663191047      2.234363312474633        -6.433056797891526       -4.015610863695539
0                         0                        66.41538695813           -0.5032368343624908      1.1401378781781517       -6.01646924861447        -3.867496520141543
0                         0                        66.46968574847308        -0.5030266856870824      1.180490274112799        -6.0318319930755635      -3.872958620041061
0                         0                        67.67345272039           -0.4982916633364401      2.0750752392111167       -6.372413509963846       -3.9940496317336596
0                         0                        67.70800632437488        -0.4981535944753469      2.1007539090333154       -6.382189753318016       -3.9975254962172464
0                         0                        66.04100489847939        -0.5046777059930678      0.8619141275857771       -5.910545417220078       -3.8298361561173806
0                         0                        66.11011210644914        -0.5044127965020471      0.9132714672303024       -5.930097903928257       -3.836787885084476
0                         0                        69.30590054230062        -0.4916375507492144      1.7646974519784209       -5.447746573329368       -4.218945363089781
0                         0                        66.77495197925153        -0.5018397151849079      1.4073502783972458       -6.118200898651839       -3.9036663878922297
0                         0                        65.25768937508872        -0.507646814895809       0.27978959144104465      -5.688922133492866       -3.7510397848805326
0                         0                        70.123907394061          -0.4885294933827958      2.879902223757071        -6.941350237292141       -3.735554934319462
0                         0                        70.8600966994758         -0.4858218175945115      3.3726627976223114       -6.922891697090208       -3.620367702341957
0                         0                        71.00016205201229        -0.4853162642964956      3.4664140691864276       -6.9193798259972255      -3.5984524963806805
0                         0                        71.0187128754868         -0.4852495369616961      3.47883086790074         -6.9189146995434925      -3.5955499576026977
0                         0                        70.94191424582135        -0.4855261316864134      3.42742651232588         -6.920840278443876       -3.6075661897127236
0                         0                        70.12072742568769        -0.488541373120442       2.877773745349316        -6.9414299689232735      -3.7360524853595014
0                         0                        70.93555430907475        -0.48554907874358233     3.4231695555106114       -6.92099974170587        -3.608561291793131
0                         0                        70.87170702584316        -0.4857797944895757      3.3804340475460464       -6.922600590340394       -3.618551102526139
0                         0                        70.88116367380569        -0.48574558212181745     3.3867637554657932       -6.922363482961458       -3.617071476165671
0                         0                        71.75038119246182        -0.4826606676186358      3.9685653656718074       -6.9005695144885095      -3.481070098226778
0                         0                        71.76426437711477        -0.4826302634522309      3.2415366070965064       -6.767440086344493       -2.18391598087889
0                         0                        74.83312878840957        -0.47502599184711053     3.919148682803238        -6.702852386907061       -2.2494546233692194
0                         0                        74.85312129467542        -0.474953351231011       6.149376780899585        -4.69536049116914        -3.622800163580248
0                         0                        75.59289193998441        -0.4737501010759752      6.4302908456676775       -10.878327611499337      -1.3040021180188432
0                         0                        74.31615238439831        -0.47620879999266924     3.7751616794334772       -6.645969829584162       -2.326414357811455
0                         0                        74.32661689380852        -0.47618446335853654     3.778076228995236        -6.647121232340171       -2.3248565577666995
0                         0                        73.03404625162469        -0.47931386203092824     3.418072615739966        -6.504900575696276       -2.5172751915734146
0                         0                        73.04544063546162        -0.4792851888948965      3.4212461516521486       -6.506154291894418       -2.5155789656964735
0                         0                        73.41186298167254        -0.4783734182582759      3.523301207142655        -6.546471490031529       -2.4610314733172967
0                         0                        73.37926743524221        -0.4784537160062461      3.51422277528917         -6.542885024529703       -2.4658838119884336
0                         0                        72.86695608227323        -0.47973655206037696     3.3715350705235636       -6.486515759556809       -2.5421490832275886
0                         0                        73.34721362333033        -0.47853283345763226     3.5052952260083785       -6.539358165703156       -2.470655505306464
0                         0                        74.8100674477639         -0.4750779068715649      3.912725694621498        -6.700314963494641       -2.252887651720748
0                         0                        72.8108227856511         -0.47987948580191325     3.355900962066869        -6.480339451628424       -2.5505053709960244
0                         0                        75.59362489433568        -0.47375047768389966     5.5825026399178626       -10.902974363057979      0.5142075820777308
0                         0                        75.82608212074746        -0.4733879660350949      3.9338152508849973       -8.44113053461292        -1.5431073150897916
0                         0                        75.8573301422248         -0.4733398157447021      4.025339096398077        -8.198168981782317       -0.6905425833788854
0                         0                        76.1475000627191         -0.4731255966551683      4.4520394121767275       -8.560517225403828       -0.7859653135749056
0                         0                        79.00390849189499        -0.47106463048239905     4.944276463849526        -7.734673360284244       -0.4747113073666398
0                         0                        79.18797289149458        -0.4709801804579789      4.975657892518861        -7.664437361191236       -0.4429025778160245
0                         0                        77.29907473216116        -0.47212507128813175     4.653616677706708        -8.38521036071701        -0.7693288222686192
0                         0                        77.66720353136039        -0.4718535689020142      4.716379535045462        -8.244738362531635       -0.705711363167552
0                         0                        79.18832818865893        -0.4709800231068565      4.975718467690584        -7.664301785537576       -0.4428411778308927
0                         0                        77.66791412568902        -0.47185306747115263     4.716500685388866        -8.244467211223935       -0.7055885631972103
0                         0                        80.70874225162886        -0.47050646356227976     0.8430848423152284       -10.153789909563647      -6.320147444398032
0                         0                        79.00073898550554        -0.47106613595094093     4.943736089725597        -7.735882792680428       -0.47525903941999914
0                         0                        77.29514979434472        -0.47212809218702373     4.652947508891941        -8.386708053532729       -0.7700071027279023
0                         0                        81.71189586085698        -0.46986127265161187     2.4309615767766894       -4.5574769895757505      -0.7198887703966648
0                         0                        81.72586470478103        -0.4698512017133363      2.431598171232153        -4.5574951052380825      -0.7220255827676034
0                         0                        82.71504947008509        -0.46906214552574754     2.4766777454982467       -4.558777941332536       -0.8733410570454794
0                         0                        82.7429871579332         -0.46903768669831386     2.4779509344092965       -4.558814172657179       -0.8776146817870938
0                         0                        82.34580189372072        -0.46937419634916966     2.459850228410307        -4.558299078196697       -0.8168572998109447
0                         0                        82.38190732263872        -0.46934460366007497     2.461495641301248        -4.558345901953999       -0.822380342919157
0                         0                        82.34443924356995        -0.46937530929787413     2.4597881291030657       -4.5582973110274665      -0.8166488553816436
0                         0                        83.30280202035443        -0.4685224151357197      2.5034630698069833       -4.559540175257524       -0.9632494937923042
0                         0                        83.65763280465413        -0.4681709947347853      2.5196335783447523       -4.560000341804113       -1.0175279160830257
0                         0                        83.71820307931321        -0.4681090821846873      2.469874281663337        -4.547405737534376       -1.1229327077842584
0                         0                        85.50034797886495        -0.4660472858878417      1.6348365590555982       -4.707594052550945       -1.190904171993644
0                         0                        85.51284309729972        -0.46603240242178734     1.6289818750488063       -4.708717177819029       -1.1913807390199622
0                         0                        84.59053285143699        -0.4671150029613281      2.0611374463700116       -4.625815207140789       -1.156203589349289
0                         0                        84.6155230883065         -0.4670860972502383      2.0494280783560015       -4.628061457676679       -1.1571567234021813
0                         0                        84.91351844215124        -0.46673957647211667     1.909800059509255        -4.654846806963974       -1.1685223427373614
0                         0                        85.44452569952628        -0.46611370544825664     1.6609925181033756       -4.702576460058857       -1.1887750959218302
0                         0                        84.16935890784953        -0.46759858298441515     2.258481742427705        -4.587957935058455       -1.1401399069631566
0                         0                        84.08977895615978        -0.4676891944926039      2.2957695418883333       -4.5808048812448305      -1.1371047071657614
0                         0                        86.41016310629296        -0.4649479976993346      -0.7662974519796535      -2.015901142046232       -0.5624682471759979
0                         0                        83.77238313598833        -0.4680481856469845      2.4444877986966276       -4.552275718638867       -1.1249991490619777
0                         0                        87.27589312095003        -0.46424722114370254     1.0734554871405777       -5.877830354337945       -0.7089887767781491
0                         0                        87.49156657447504        -0.4640997095007435      0.9251760804760778       -5.871468243266591       -0.6589277706524292
0                         0                        87.65422185773998        -0.4639956019184932      0.8133476263979986       -5.8666701053337675      -0.6211730678884742
0                         0                        88.1416231356071         -0.4637204119711108      0.4782504175923066       -5.852292345737268       -0.5080400051113365
0                         0                        88.3172195194486         -0.46363478050808543     0.3575247224133449       -5.847112460686674       -0.46728148103959555
0                         0                        88.5227558076363         -0.4635436400715825      0.2162148005736242       -5.841049383969178       -0.41957346128168993
0                         0                        87.19314265460575        -0.4643066850149601      1.130347931946389        -5.880271394945709       -0.7281963868705539
0                         0                        87.97612220291853        -0.463807671943185       0.5920353072039575       -5.857174426952923       -0.5464552252959898
0                         0                        88.75910175123133        -0.4634509584840093      0.038297772311610245     -5.82324445113041        -0.5281030654257686
0                         0                        89.79966240561465        -0.4631444022772794      0.01103124010442258      -6.374949885847049       -0.06111046179826474
0                         0                        89.95414065879234        -0.4631403168898396      0.006983339342610861     -6.456854281775068       0.008217742522564464
0                         0                        90.15721727585361        -0.4631512397840757      0.0016619819605949715    -6.564525538442875       0.0993563779666573
0                         0                        90.23390044375992        -0.4631601782559269      -3.474002494670003E-4    -6.605182967019555       0.13377097175715136
0                         0                        88.98168910319315        -0.4633445270858113      0.03246516161704349      -5.941260302738079       -0.4282082187493155
0                         0                        89.49650109749564        -0.4631835519993862      0.01897518603109205      -6.214213709074965       -0.19716604683433303
0                         0                        88.93698152756046        -0.46336411974994196     0.0336366652153699       -5.917556338586026       -0.4482725053035369
0                         0                        88.93681538433313        -0.4633641942335767      0.03364101878153236      -5.917468249418811       -0.448347068624785
0                         0                        90.97129979002423        -0.4633808372536321      -2.6475411573088508      -4.385787324460907       0.9559517920448428
0                         0                        94.01205757917842        -0.4663178672692293      -1.91758476596614        -5.496181744401839       1.289354558318737
0                         0                        95.53243647375558        -0.4685240709524719      -2.0135166416513073      -6.0463656822130645      1.5515844945342678
0                         0                        92.49167868460134        -0.46460345603628284     -1.8731028875041744      -4.99312966051056        0.965887525166681
0                         0                        97.72047195359943        -0.4710186465903818      -2.3467860060595456      -6.397504530915391       0.9368773290554575
0                         0                        97.98590889618927        -0.4712607845389878      -2.374718101061049       -6.462660556320822       0.8875706640812595
0                         0                        98.5070453954267         -0.47169810581653276     -2.4295576198689286      -6.590582399651          0.7907661178753083
0                         0                        99.3092751016757         -0.47227270796589577     -2.5139767521469274      -6.787503365554814       0.6417466521881718
0                         0                        99.90850743344332        -0.47262391262494147     -2.5770343441143027      -6.934595163145108       0.5304352893617539
0                         0                        99.99434985626228        -0.4726687620624079      -2.526211153418486       -7.083039211978026       1.4384122233111611
0                         0                        99.74389236741567        -0.47253407815739296     -2.559711798058334       -6.894187587170321       0.5610136249585613
0                         0                        97.70676949673532        -0.47100579163061196     -2.345344087978596       -6.394141029140389       0.9394226509060122
0                         0                        97.01974093459113        -0.470316542113221       -2.273047643936927       -6.225498149168413       1.0670427433122924
0                         0                        101.14585666613951       -0.47412227665013346     -1.9995763109946516      -7.545875505811551       1.0861314011949048
0                         0                        101.19430577550311       -0.47417453969160045     -1.9774183968108225      -7.565349125963095       1.0713093507033307
0                         0                        100.13766947614289       -0.47287177277277975     -2.4606647712480156      -7.140645056016645       1.3945664092146615
0                         0                        100.18575794972494       -0.47293848161060237     -2.438671791710168       -7.1599737223327296      1.3798546881351115
0                         0                        100.60790168610984       -0.47349371941877805     -2.2456068456896676      -7.329650046204584       1.2507081288363864
0                         0                        101.22145351595739       -0.4742035105845135      -1.9650025379606992      -7.57626088043132        1.0630040343615974
0                         0                        101.07540593876409       -0.47404499869020555     -2.0317965353056646      -7.517558562067393       1.107684413253338
0                         0                        100.04991399416048       -0.47274821393700234     -2.50079922293274        -7.105372644515555       1.4214134700158638
0                         0                        101.24099677767241       -0.4742242267271929      -1.9560645425746976      -7.584116093048408       1.057025158470708
0                         0                        101.3011515722268        -0.4743588149198055      -2.679447635996411       -6.607680278506081       1.163715687261968
0                         0                        102.30907931783581       -0.47554234429184583     -2.5984363490809557      -6.082733068108979       1.1847252147694953
0                         0                        102.41900432855728       -0.47567270115978927     -2.589601225113441       -6.025482111398674       1.1870165224019669
0                         0                        101.51667102106391       -0.4746101023774666      -2.662125453943773       -6.495433806527785       1.1682080348616495
0                         0                        103.53592073078818       -0.47701150102607753     -2.4998300728496474      -5.443771614637342       1.2102978399155293
0                         0                        103.53685708488764       -0.4770126343025592      -2.4997548142303287      -5.443283944291295       1.2103173575419834
0                         0                        103.08569043114096       -0.47646870091098176     -2.536016928645381       -5.678259791856021       1.2009131137718603
0                         0                        101.43350073239141       -0.4745130142710124      -2.6688101911659032      -6.53875041450587        1.1664744101299283
0                         0                        103.04410528680475       -0.47641877878906896     -2.539359297256567       -5.699918095844822       1.2000463014059428
0                         0                        104.65470984121806       -0.4783786143481145      -1.2877135120396055      -5.8132754891872604      0.620328574155991
0                         0                        105.7853751225756        -0.4799608467390243      -0.7135474088396982      -6.701816582267739       1.2146921820375454
0                         0                        105.81529638037308       -0.47999704561631235     -0.7127726534094201      -6.685241425278134       1.2049171494400106
0                         0                        106.91604040393315       -0.4811254349036474      -0.6842709301442795      -6.075474111372504       0.845312991597865
0                         0                        106.97588291952813       -0.4811754355969891      -0.6827214192837232      -6.042323797393308       0.8257629264027315
0                         0                        106.35464027625146       -0.4805993943220918      -0.6988073443674239      -6.386466894940508       1.0287178666699965
0                         0                        107.83737684657078       -0.4817655945872983      -0.6604146331666243      -5.565091283207259       0.544319837465082
0                         0                        108.03108429731162       -0.4818649042344775      -0.655398938293672       -5.457785252564783       0.48103718209713975
0                         0                        106.4231889970676        -0.48066914406521466     -0.6970324024834795      -6.3484936982034         1.0063235547385325
0                         0                        108.0467056852907        -0.48187237884198447     -0.6549944514486583      -5.449131640477233       0.4759338011581349
0                         0                        108.13028800554811       -0.4818237627407749      -0.1869749475706115      -5.071719077340532       -0.655181311809514
0                         0                        109.5950004658787        -0.4838318944027956      0.29346690167606937      -2.7497739891356687      1.4356193328317417
0                         0                        109.6141831324375        -0.4838594496419905      0.29418005891619003      -2.732187758383688       1.4373117177503474
0                         0                        108.83387023587522       -0.4827647562610381      0.265170234343552        -3.447560807048238       1.3684688499554358
0                         0                        108.87223556899282       -0.482817322953239       0.2665965488237303       -3.4123883455442594      1.3718536197925415
0                         0                        109.20833145234737       -0.4832833802577587      0.2790916423414913       -3.104263312909058       1.4015055768037357
0                         0                        108.25781031471448       -0.48199107466672797     0.2437539571940448       -3.9756793910543493      1.3176461387469764
0                         0                        109.16176423053794       -0.4832182116945938      0.277360404857923        -3.146955078712722       1.397397197833218
0                         0                        110.35613069588217       -0.48495014280703014     -1.1801718995309693      -2.259011136153674       2.722652029776498
0                         0                        108.162556706677         -0.4818659643602487      0.2402126976925203       -4.063005724219142       1.309242418170097
0                         0                        114.15707793232491       -0.48908053877390467     0.7506734764970702       -0.3052160101225567      0.9598557798419733
0                         0                        116.05755155054628       -0.49078421066251626     -1.1424910427908799      2.026384370414746        0.7199938981270364
0                         0                        112.25660431410353       -0.48713584948874245     0.5491597707147164       -1.354956170328192       1.0866754285021223
0                         0                        118.6150287820699        -0.49186681980374536     0.887792467199457        0.2069081974713587       0.058811108118907995
0                         0                        119.32201426654773       -0.49183716117088605     1.129077467249438        0.40360521441522224      -0.1427127822275338
0                         0                        117.33629016630809       -0.4915585655009444      0.4513755198333911       -0.14886158379530912     0.4233113506874986
0                         0                        117.689782908547         -0.4916903936829635      0.5720180198583336       -0.050513075323323164    0.3225494055142235
0                         0                        118.281867765972         -0.49183140667514946     0.7740889222883176       0.1142163679116237       0.15377756153262823
0                         0                        117.16970965825912       -0.49148409519106956     0.39452374737786045      -0.1952074985749448      0.4707945773943436
0                         0                        119.39402587368488       -0.4918261451147554      1.1536540971988742       0.42364023439810694      -0.16323945432912979
0                         0                        117.91859183728774       -0.49175673426660443     0.6501075472882292       0.013145988011856957     0.2573281718704976
0                         0                        119.52385149439712       -0.49184261018595277     0.9797939753593354       0.1843377825239756       0.10856054966694728
0                         0                        119.74334228082515       -0.49185966076233545     0.8992897281909933       0.26413207780718295      0.046804298760434904
0                         0                        121.60055025111532       -0.491744726959106       0.8735721714980995       -0.10736464635186849     -0.450699183167238
0                         0                        121.84728514437052       -0.4916207786688307      0.8832887319969922       -0.16068082996528688     -0.554009057649882
0                         0                        120.30184392608744       -0.49197694839954875     0.8224283773995058       0.173268805900193        0.09307954897050585
0                         0                        120.79531371259785       -0.4919719000430023      0.8418614983975115       0.06663643867307201      -0.11354019999481224
0                         0                        121.34858118644743       -0.4918449976581396      0.8636494863503716       -0.052917426748877006    -0.34519771922383136
0                         0                        119.86373803190706       -0.4918959869687151      0.8051755179858837       0.26793776004819847      0.27651799312706515
0                         0                        119.79790579675169       -0.4918768758553791      0.802583007104122        0.28216324510589175      0.30408247685737955
0                         0                        122.89925657614322       -0.49080629663982        0.7681496199891384       0.14433189758511844      -1.0719565135326832
0                         0                        121.09946538314951       -0.491917999631545       0.8538391642589529       9.132403871205952E-4     -0.2408909386512441
0                         0                        126.16386464442378       -0.4847576663860219      0.1690137261832909       -0.13829456655322048     -2.6543945269249036
0                         0                        126.40127953467619       -0.4841136333006928      0.08923083191199765      -0.17009507641737542     -2.7709862033623267
0                         0                        126.47292850465448       -0.48391383447409553     0.1337392533961932       -0.24849593139340342     -3.069132072955007
0                         0                        125.34746001548858       -0.4867610671306842      0.4433651964037928       -0.02894134347616628     -2.2534677601256234
0                         0                        125.42249236774525       -0.4865906017662018      0.4181506943955968       -0.038991543173227505    -2.2903152709424575
0                         0                        125.28170452848406       -0.4869081833208012      0.46546222267646087      -0.020133732416548256    -2.2211760093567676
0                         0                        124.09048055231365       -0.4892056707093764      0.8657711352441453       0.1394246245354438       -1.6361798440083533
0                         0                        124.16087447194423       -0.48908927685103004     0.8421153711035743       0.12999571915717922      -1.6707494748010845
0                         0                        124.77487596501264       -0.48797086456512134     0.6357811510728979       0.047753360574830594     -1.9722784283384698
0                         0                        124.81539248121395       -0.48789055163186945     0.6221656405845444       0.042326380524261964     -1.9921756156728208
0                         0                        126.58758312142585       -0.4835589950755853      0.10132990506215034      -0.30506277062098164     -3.1205776570579644
0                         0                        128.0257548443828        -0.4786070364018289      -0.3051971903672328      -1.0146096770164235      -3.7658860311234754
0                         0                        128.164272361583         -0.4780810905874609      -0.34435184974104693     -1.0829496911065206      -3.8280389106282264
0                         0                        126.81565759867853       -0.4828356007137331      0.03686023617690015      -0.4175872606935105      -3.222914789496537
0                         0                        127.43352593230486       -0.48075861548485177     -0.1377922166682115      -0.7224232950044076      -3.500152620970005
0                         0                        128.5872437670225        -0.4764218022503665      -0.4639129106062434      -1.2916299532982123      -4.017826392584286
0                         0                        127.56227287034972       -0.48030426277314214     -0.1741850325839378      -0.7859428247930609      -3.5579214367028538
0                         0                        128.65161723604496       -0.4761622311327782      -0.4821093185641523      -1.323389718192658       -4.046710800450704
0                         0                        127.98870350934891       -0.47874625951852257     -0.29472391282136634     -0.996329759721732       -3.7492610784936975
0                         0                        129.74096160174014       -0.4714877395530043      -0.15265994121060178     -2.48137168351829        -4.148178500621533
0                         0                        130.45401095746988       -0.46861667480079433     -1.3895061257906285      -1.6778746974064198      -4.024565640792661
0                         0                        130.47119936742828       -0.4685474997015807      -1.3815266474568388      -1.6751358173146365      -4.024474308917496
0                         0                        131.16706031319956       -0.46574831167848635     -1.0584829596786491      -1.5642541420738496      -4.020776800819789
0                         0                        131.20143713311646       -0.46561009329817776     -1.0425240030112803      -1.5587763818906097      -4.02059413706958
0                         0                        130.50962594977725       -0.4683928568311548      -1.3636876453600784      -1.669012749408024       -4.0242701264579805
0                         0                        130.7950853438062        -0.4672443076131928      -1.2311671239564248      -1.623526340067862       -4.022753317061799
0                         0                        131.64529524313505       -0.4638260433969358      -0.8364690985334704      -1.488049994518022       -4.018235664495478
0                         0                        131.84920908587225       -0.46300677999302503     -0.7418049560101423      -1.4555574273967977      -4.017152153358182
0                         0                        131.88010966892924       -0.4628826501860796      -0.41032229815198207     -2.159760105768214       -2.440639560020827
0                         0                        131.95573640144192       -0.4626910223063351      -1.5423304128215563      -2.4245714435487713      -3.675368605700736
0                         0                        133.75910667741738       -0.45660549814007934     -1.9798348574601619      -2.3299747928065813      -3.0736881435725825
0                         0                        133.78327008869388       -0.45653132475124625     -1.9856969923594647      -2.3287072895058287      -3.0656262093946043
0                         0                        134.25501888161506       -0.4551222448122284      -2.100145032457334       -2.3039614808405986      -2.908230894902344
0                         0                        132.07583089843047       -0.46225203677124077     -1.5714657916779515      -2.4182718292439205      -3.6353000111309797
0                         0                        132.2262485885898        -0.4617089977484691      -1.607957691801758       -2.4103815973315648      -3.585114319078174
0                         0                        133.06765530682588       -0.45881056202613796     -1.8120861416720828      -2.3662452053116994      -3.304385513790459
0                         0                        134.28016710475015       -0.4550492134759511      -2.106246086435391       -2.302642318762537       -2.899840385909669
0                         0                        133.11795175309604       -0.4586447851904723      -1.8242882496284523      -2.3636068811557607      -3.287604495805195
0                         0                        135.4423824564043        -0.4519043071627706      0.6517301180277428       7.985943397650374        -8.762483940643676
0                         0                        136.54452981827563       -0.4495748329665038      -2.2218063650379065      -1.5356753383593222      -2.297324803235483
0                         0                        136.82907022979356       -0.448907653249997       -2.4531196397245054      -1.5958507753910993      -2.392200406541665
0                         0                        136.27147729391447       -0.4501896932499885      -1.9998320126622389      -1.477929393245958       -2.206279658383014
0                         0                        136.393071358534         -0.4499189578043162      -2.0986802610343886      -1.5036444610632138      -2.246823320275073
0                         0                        137.1005721314246        -0.44824587701303287     -2.673833434348012       -1.6532687902819454      -2.4827285202061287
0                         0                        137.5042731300063        -0.4472164263665272      -3.0020166947783657      -1.7386446561923599      -2.617336379917319
0                         0                        137.64667718014698       -0.44684032622027553     -3.117782139099404       -1.7687606805088834      -2.664818809911238
0                         0                        137.65585543118027       -0.4468158537999682      -3.1252434739975836      -1.7707017238361429      -2.6678791558896675
0                         0                        137.92966696893475       -0.44607285845190425     -3.3478348560337885      -1.82860818731814        -2.759177382029449
0                         0                        139.3518878525877        -0.44047029212274413     -4.402972431732444       -1.346388247264393       -5.389771353182663
0                         0                        139.71957867077037       -0.43835064142776536     -4.661044566728137       -1.226008256323599       -6.139756120226966
0                         0                        138.28349364616398       -0.4450645593155533      -3.653095741225199       -1.696174748668656       -3.2105508222576304
0                         0                        138.29535403047248       -0.44502633748685894     -3.6614202207851445      -1.6922917228083119      -3.234742635386472
0                         0                        138.4793723968951        -0.4443965502290299      -3.790577682306253       -1.632045102040368       -3.610087802708046
0                         0                        139.00104574964593       -0.44223571634568704     -4.156725949429642       -1.4612520596994596      -4.674153176626893
0                         0                        139.9152973902521        -0.4371099097319673      -4.798414186249502       -1.1619310030633159      -6.5389666824113135
0                         0                        140.07242453035713       -0.43605728138944033     -4.908697431050314       -1.1104884247690663      -6.859461390847262
0                         0                        141.1438033110683        -0.42753755358316425     -7.076211310354466       0.35865988734485654      -9.219864605418621
0                         0                        142.65315766453955       -0.40994122052447596     -6.010696198629205       -0.26326492485641495     -15.024098933263152
0                         0                        144.16251201801072       -0.38218417531935894     -5.636555828493243       0.02562845568627381      -21.755925772375402
0                         0                        145.67186637148197       -0.34426641796781254     -7.976767462512669       -1.0208635411617877      -30.953663913964387
0                         0                        148.6905750784244        -0.21941322725143728     -7.307701094376178       -0.12166977884393049     -55.57583537786758
0                         0                        150.19992943189564       -0.12480108131745254     -7.1255463375093235      -2.359874324962874       -71.9339985211659
0                         0                        147.18122072495322       -0.2925683394682211      -9.485184143155477       0.8079522554214273       -41.35980077482767
0                         0                        152.8387276258351        0.09169571746136584      -5.720346881835042       -6.286360456364086       -92.15342527353465
0                         0                        154.15812672280487       0.2199522368995187       -2.8935645538492167      -4.242849730491571       -100.65644956198852
0                         0                        151.51932852886534       -0.023222055277625962    -6.422946609672204       -4.32311739066343        -82.04371189735006
0                         0                        155.22676876920738       0.324839078217957        -4.04180217450719        -3.629790235334405       -95.82659558042094
0                         0                        155.2983758235931        0.3316897919603284       -3.9750028595446913      -3.46253967056667        -95.51527153424759
0                         0                        156.29541081560996       0.42476089530121786      -3.0449093787873664      -1.1337933349074092      -91.18048956962237
0                         0                        156.4386249243814        0.4377746418564636       -2.911310748862263       -0.799292205371728       -90.55784147727556
0                         0                        155.50314005583826       0.35115675774056365      -3.783986617358215       -2.9842776643852176      -94.62502364120105
0                         0                        155.52130105659222       0.35287452588729024      -3.767044956794006       -2.9418595303213912      -94.54606555130637
0                         0                        156.78823489931412       0.4691688647480787       -2.585173791688078       0.0172818913784738       -89.03785168140507
0                         0                        156.88447539037952       0.4777177767397482       -2.4953949433612763      0.24206807511822603      -88.61942951139366
0                         0                        155.6400117148003        0.36406751737791965      -3.6563046014606577      -2.6645904148749153      -94.0299504456888
0                         0                        157.12189670679567       0.498635381626593        -2.273914232694466       0.7966063060113981       -87.58719930015866
0                         0                        157.3640528620125        0.5197176881492932       -1.174618056491724       -1.5389787266064254      -83.47457181442252
0                         0                        157.9650488365312        0.5682491420864595       -3.3045074869730655      -1.1369142953841482      -70.30097815714876
0                         0                        158.10721416280728       0.5780721406035049       -2.6210041137778006      -2.2180079355555193      -78.58514446910577
0                         0                        157.93073026286464       0.5658265268684912       -3.3367154421041647      -1.346871730945196       -70.882932427637
0                         0                        157.69391252334887       0.5469566679786401       0.7494313455888459       -0.1796595801815073      -80.61018652387818
0                         0                        157.62171482234052       0.5410453556161928       -0.9390034598206398      -0.48440750029535        -82.07308946819774
0                         0                        158.3520438152886        0.5969875591733562       -2.61180392119995        -1.6975794052601714      -75.57152682385296
0                         0                        159.22926637760625       0.6596299802994259       -1.1165323190053655      -2.0467156219992333      -67.2483773075771
0                         0                        159.26438506467653       0.6619858040941707       -1.7970752825232887      -0.423475057861765       -66.03303727740757
0                         0                        161.8165150714533        0.7988970365761049       -0.8310252627739476      -1.228679416250042       -41.25870108888964
0                         0                        162.10927753757107       0.8105600292376335       -0.7202067756969552      -1.3210468164469233      -38.41676288835822
0                         0                        160.58475250634822       0.7407119526865633       -1.2972806052473116      -0.8400547837710199      -53.2158113502456
0                         0                        160.66951210527682       0.7451876339086314       -1.265196811709493       -0.8667966810456065      -52.39302301521334
0                         0                        160.8734447093865        0.7556704231090311       -1.188002822490929       -0.9311380042582051      -50.413384485594115
0                         0                        161.18178513470755       0.7707534516567586       -1.0712876578323356      -1.0284202953940538      -47.42022608961474
0                         0                        161.3749445887468        0.7797320238420078       -0.9981715963881048      -1.0893626587701881      -45.545165947830235
0                         0                        159.91711719268403       0.7030197429282045       -1.5499985726854062      -0.6294139218444812      -59.69675929103337
0                         0                        160.10581892944376       0.7141117943284713       -1.47856987742332        -0.6889498625962318      -57.86497162605201
0                         0                        159.30578110737605       0.6647109931382584       -1.7814057642145071      -0.4365356284098141      -65.63119274911602
0                         0                        162.23128605692074       0.8151749496495161       -0.6740232614502781      -1.3595408552614927      -37.2323874575591
0                         0                        162.4411083113969        0.8227734489627054       -0.5945998807673996      -1.4257403801064044      -35.195576222072404
0                         0                        163.31470878184783       0.8529703896043003       -0.7215385356346644      -0.534121508705482       -31.64839009753635
0                         0                        163.5308702403761        0.8596799882073186       -0.7196505791461902      -0.41855484933175546     -30.431118883397062
0                         0                        164.19802081454614       0.8787289080701826       -0.12326600463275206     -0.4481377417769181      -25.81065696803599
0                         0                        163.27358245892424       0.8516640453700367       -0.7218977333784835      -0.5561089239687931      -31.879984986741306
0                         0                        162.9389613254021        0.8405499528879123       -0.7836565728715073      -0.6914361520413195      -34.215791628299684
0                         0                        163.08589774306571       0.8455128588090598       -0.8284040682709133      -0.7175525620651371      -33.33595626456926
0                         0                        163.17686940147553       0.8485207087228365       -0.8561082544141954      -0.7337218220032753      -32.791230297795096
0                         0                        163.2347134183715        0.850407467713566        -0.8737238661263831      -0.7440029904615812      -32.44486816065739
0                         0                        163.2354596132196        0.8504316762399927       -0.8739511096583499      -0.7441356187842842      -32.44040004699292
0                         0                        164.93873107902408       0.8967405979641665       -0.07241057069474977     -0.23471395457887922     -22.82290667423075
0                         0                        165.2010859171419        0.9025894804899247       -0.0543979012636413      -0.15912061420554835     -21.76466462972457
0                         0                        166.07297360067855       0.9200326651243604       0.005463867390048449     0.09209984317914177      -18.24779331366719
0                         0                        166.20415101973748       0.9223916591897335       0.014470202105613339     0.12989651336582142      -17.718672291414187
0                         0                        164.3156631769033        0.8817374225720116       -0.11518895524648975     -0.41424098117653685     -25.336131341009118
0                         0                        164.74288259906325       0.8921934081848555       -0.0858570691601237      -0.29114455411927054     -23.612886753630068
0                         0                        165.67137576049345       0.9123791172464594       -0.022108900817322308    -0.023614135812749737    -19.86768994875743
0                         0                        165.33282202410408       0.90542167206952         -0.04535320834356327     -0.12116296705654861     -21.233290067825756
0                         0                        167.20721612233322       0.9381354441696157       0.07267504251694845      0.4193857093465567       -13.67832245707126
0                         0                        171.00816335877593       0.9739019686467464       -0.01077728752339624     -0.17471435299746219     -6.243299643544837
0                         0                        172.90863697699731       0.9827581769222746       -0.19880862074813876     0.1559806764192473       -4.180294992216034
0                         0                        169.1076897405546        0.95902772439586         -0.8000830595563571      -0.05023331685200105     -9.40989765240812
0                         0                        173.60547730367853       0.9853233700825751       0.014234844501913813     0.03374739821092021      -3.4039208438793813
0                         0                        173.95389746701906       0.9864610637771339       0.04236008404336644      3.461077930637657E-4     -3.1266638596655785
0                         0                        174.30231763035968       0.9875021555479664       0.07048532358521697      -0.033055182625076895    -2.8494068754516975
0                         0                        174.99915795704086       0.9892945333184496       -0.1454354303140235      0.16415720936332434      -2.2742068875423342
0                         0                        176.20279124858104       0.9917868136225723       -0.12895052753324876     0.09757151756588556      -1.8670549430158587
0                         0                        176.8046078943512        0.9928491806614532       -0.1207080761424777      0.06427867166719814      -1.6634789707525357
0                         0                        177.40642454012124       0.9937890322915468       -0.11246562475210453     0.030985825768694575     -1.4599029984892589
0                         0                        178.61005783166146       0.9953011893253739       -0.012170221393105862    0.022060458522972226     -1.085344026475184
0                         0                        179.5314642164654        0.9961855002500993       -0.027690005190265765    -2.1481515835830578E-4   -0.8745586132937095
0                         0                        180.03625471961738       0.9966034122488631       -0.018205260629542863    7.608877255904645E-4     -0.781225305598082
0                         0                        180.45287060126927       0.9969128371057225       -0.01037727021991941     0.0015661590503839307    -0.7041950563552986
0                         0                        181.11224686910484       0.997336972532198        0.002012058483956025     0.0028406587134952588    -0.5822795929918225
0                         0                        179.51847525450327       0.9961741250444187       -0.02793406086379946     -2.3992135118078295E-4   -0.8769602091558006
0                         0                        180.44236814134487       0.9969054311282439       -0.010574605845192764    0.0015458589845707138    -0.7061369100898975
0                         0                        180.426892677345         0.9968944811916459       -0.010865381567214172    0.0015159466650516151    -0.7089982480789461
0                         0                        181.21332970453653       0.9973948863993042       0.003911351096292037     0.0030360403885936194    -0.5635898685946943
0                         0                        180.04577340779184       0.9966108401126902       -0.018026409550827793    7.79286272063473E-4      -0.7794653464729207
0                         0                        181.33531010018686       0.9974622577670569       0.006203297729655333     0.003271814681028218     -0.541036287002326
0                         0                        182.75397062565705       0.9981521922037242       0.009766357305563744     0.0037190877620147944    -0.426125102333085
0                         0                        182.78769474742006       0.9981665146348498       0.009875502296400995     0.0036968767310483486    -0.42326283583977187
0                         0                        181.46852133565747       0.9975343087967015       0.005606119961733214     0.004565697032646199     -0.5352250058822534
0                         0                        181.59786932439684       0.9976028290740262       0.006024742724360266     0.004480507202593742     -0.5242468574591399
0                         0                        182.29899656186888       0.9979495319221181       0.008293875967522402     0.004018738058142901     -0.4647401040004695
0                         0                        183.3052376240972        0.9983742046608215       0.011550481791218203     0.003356018012780737     -0.3793374329730952
0                         0                        182.32736629556635       0.997962682320449        0.008385691977895071     0.004000053478341314     -0.4623322803436505
0                         0                        183.31942249094593       0.9983795769731348       0.011596389796501683     0.003346675722966097     -0.378133521144683
0                         0                        182.7435755436849        0.9981477580127649       0.009732714587173064     0.003725934062956071     -0.4270073638500982
0                         0                        184.31147868632553       0.9987129417251127       3.980339261033805E-5     -0.0026062814362148856   -0.30822298744622145
0                         0                        186.21195230454694       0.999151768704863        -0.01451336017663607     -0.0026097520974985855   -0.19728688632900973
0                         0                        188.1124259227683        0.9994628187704921       -0.0020100743598163717   -0.0018439316336298361   -0.13005263856255458
0                         0                        190.01289954098965       0.9996460919220002       -0.0034985518807815197   0.005860451322035942     -0.08137891316903278
0                         0                        192.7433693729339        0.9998110456959496       -8.915885720250927E-5    -2.184500318640481E-4    -0.043292907449117735
0                         0                        193.40363019954233       0.9998368970510133       9.447077180695373E-4     -2.0931941465818227E-4   -0.03501358605188898
0                         0                        191.37813445696176       0.9997402547580306       -0.002226906077368085    -2.373295968709499E-4    -0.06041223089869163
0                         0                        191.708264870266         0.9997595153588372       -0.0017099727899960726   -2.3276428852625486E-4   -0.05627257020017851
0                         0                        192.3929499209172        0.9997951051344541       -6.378616489399747E-4    -2.2329591368830393E-4   -0.04768698195736931
0                         0                        191.2029247309534        0.9997294774764595       -0.0025012574730567394   -2.397525377446641E-4    -0.06260926815292578
0                         0                        193.58297511088097       0.9998429748959844       2.9470818980570357E-4    -7.471993696981372E-4    -0.03675596912148649
0                         0                        191.75650656488864       0.9997622154516729       -0.0016344337399090136   -2.3209716328409513E-4   -0.05566764487605269
0                         0                        193.9045623810047        0.9998544624336285       7.704010595404043E-4     -9.928963568768268E-4    -0.03468676951519001
0                         0                        193.96132096288795       0.9998564208412566       5.295389845514364E-4     -3.2806341593527577E-4   -0.033236228925886735
0                         0                        194.02099019892293       0.9998583923114422       5.580633441439886E-4     -2.741894433881953E-4    -0.032843725060132556
0                         0                        194.8284715056476        0.9998807829761042       -5.593708154307819E-4    -0.0017735712218325261   -0.026071414655013392
0                         0                        194.86859865525227       0.9998818258422527       -5.344605336574659E-4    -0.0017467107912239044   -0.02590666794147678
0                         0                        195.68547694337926       0.999901618617896        -2.735578130597105E-5    -0.00119990638188483     -0.022552878432694268
0                         0                        196.98182220704985       0.9999274051675558       7.773942697966163E-4     -3.3215494715932437E-4   -0.01723058108643505
0                         0                        196.9891222395965        0.9999275308419634       7.819260111645576E-4     -3.272684297144224E-4    -0.01720060994765582
0                         0                        197.41032492591572       0.9999344115928143       0.0010434017867169132    -4.532252728495223E-5    -0.015471312975239737
0                         0                        195.72571776876597       0.9999025228401762       -2.3749314621568374E-6   -0.0011729698587430448   -0.02238766500984246
0                         0                        197.43044533860908       0.9999347220509758       0.0010558922116459257    -3.1854265813535676E-5   -0.015388706263876006
0                         0                        199.1351729084522        0.9999549899438408       -8.159593195955495E-5    -8.959862492474713E-5    -0.011601677670112664
0                         0                        201.860032973349         0.9999751724769274       -2.163684103493324E-4    9.732512851314823E-4     -0.0054197966296101185
0                         0                        203.22246300579744       0.9999812029842028       -1.9132692614221014E-5   1.6238519822309172E-4    -0.004003047360981782
0                         0                        200.49760294090058       0.9999664347968074       -5.30472965891704E-4     8.57213624733788E-4      -0.00740681451767955
0                         0                        205.94732307069424       0.9999885049093223       4.731715654315849E-5     -2.2531135122960677E-5   -0.0018763946525837127
0                         0                        207.30975310314264       0.9999905141126836       -1.3901635549729008E-4   -3.4211875288292504E-5   -0.0011237724866717258
0                         0                        204.58489303824587       0.999985401199829        -1.0285850714808475E-4   -2.021277668973198E-5    -0.002679743159717418
0                         0                        210.77001335602043       0.9999930117133138       4.356957902018621E-6     1.1826587666519117E-5    -3.9735285827191547E-4
0                         0                        210.81282281491437       0.9999930290917822       3.6170396811030514E-7    4.811444938468412E-6     -4.0716119255534977E-4
0                         0                        208.44904877565483       0.9999916628242859       2.2925012210350815E-5    -2.7226834309779235E-5   -8.670147871434608E-4
0                         0                        208.4697826982566        0.999991680747605        2.194377756481458E-5     -2.7121195796731E-5      -8.618736025809426E-4
0                         0                        209.58834444816705       0.9999924896850738       -3.099224034031067E-5    -2.142217262246504E-5    -5.845149739798217E-4
0                         0                        209.6298122933706        0.9999925137104559       -3.2954709183741215E-5   -2.1210895837953103E-5   -5.742326047197821E-4
0                         0                        208.65331793079127       0.9999918347554874       1.3257958933365899E-5    -2.6186091872659745E-5   -8.163641970213575E-4
0                         0                        208.68224771746077       0.9999918582689666       1.1888854750452538E-5    -2.6038695953189972E-5   -8.09190765565404E-4
0                         0                        209.99688275844008       0.9999927077891269       -5.032634612689435E-5    -1.93406879276381E-5     -4.8321379352955773E-4
0                         0                        210.05474233177907       0.9999927353326191       -5.306455500431184E-5    -1.9045895768954324E-5   -4.688669305323856E-4
0                         0                        209.47276012045194       0.9999924204679626       -2.552220354345991E-5    -2.2011069710003994E-5   -6.131752696774129E-4
0                         0                        210.66792633328512       0.9999929762184973       -8.208353318650552E-5    -1.5921750033953685E-5   -3.1682179428571544E-4
0                         0                        210.72764012067924       0.9999929946950457       -8.4909492954921E-5      -1.561751088274832E-5    -3.020151602868282E-4
0                         0                        211.79286721683977       0.9999933378362706       -2.5439370006097306E-5   -2.225846662895492E-5    -2.4465491182468213E-4
0                         0                        212.00648316197203       0.9999933890310102       -3.975345981999112E-5    -1.0784711848010886E-5   -2.4290204880372812E-4
0                         0                        211.25799260021793       0.999993200284129        -1.8055133921279776E-5   -3.354425314228138E-5    -2.6967924046061853E-4
0                         0                        212.1963691896667        0.9999934339233449       -3.7949218731347933E-5   -8.366679216970097E-6    -2.2993247466063238E-4
0                         0                        212.3877535607225        0.9999934766779471       -3.6130740785011994E-5   -5.929566010642873E-6    -2.1686056073733084E-4
0                         0                        212.63645538117964       0.9999935284992384       -3.3767649227911534E-5   -2.762565696201591E-6    -1.9987375702612553E-4
0                         0                        212.74561752333827       0.9999935499109311       -3.273042263174375E-5    -1.3724809679871441E-6   -1.9241777661704873E-4
0                         0                        212.75160370747827       0.9999935510615552       -3.267354371416786E-5    -1.2962522255577369E-6   -1.9200890886850175E-4
0                         0                        212.8322061522285        0.9999935663160724       -3.190768296690294E-5    -2.6985028611647977E-7   -1.8650360956229406E-4
0                         0                        214.74334300437377       0.9999937839582612       -1.7037655481999536E-5   3.4349048405601934E-7    -6.413964543838802E-5
0                         0                        215                      0.9999937997219187       -1.649816798021675E-5    -3.174216374191019E-7    -5.8698677282365E-5
0                         0                        213.55819861784835       0.9999936829920049       -2.5495023422195118E-5   3.5696173990018565E-6    -1.3202452309712953E-4
0                         0                        213.82246760744192       0.9999937151223205       -2.3776732678726376E-5   3.48935500049663E-7      -1.1113919724259347E-4
0                         0                        214.56895283994206       0.9999937760665876       -1.8923046589236492E-5   -8.748580903716885E-6    -5.21440519456462E-5
0                         0                        213.98630936268793       0.9999937322708085       -2.2711424921606493E-5   -1.647826147255227E-6    -9.819069161109972E-5
