% Model:              AluminaWithRodsOriginalRydberg.mph
% Version:            COMSOL 5.5.0.292
% Date:               Mar 10 2026, 10:25
% Dimension:          3
% Nodes:              564
% Expressions:        4
% Description:        Electric potential, Electric field, x component, Electric field, y component, Electric field, z component
% Length unit:        mm
% x                       y                        z                        V (V) @ Length=0.171     es.Ex (V/m) @ Length=0.171 es.Ey (V/m) @ Length=0.171 es.Ez (V/m) @ Length=0.171
0                         0                        0                        -0.4169624687377934      3.7453456607901217       1.0592681056896538       9.359798924268588
0                         0                        0.04543819052781491      -0.4173857506955104      3.8009114326162035       1.1645425780874419       9.32983389046285
0                         0                        0.6226341114984213       -0.42237074523731416     3.9945046712253287       0.9230856559287659       7.943311537942051
0                         0                        0.8794766278446715       -0.4243316921129455      4.1182080806875785       0.9204743388027952       7.608038832318645
0                         0                        0.12966911814759466      -0.41816308974402205     3.8291627377216457       1.129306465365996        9.127496937488644
0                         0                        0.1335974493969878       -0.41819892704058836     3.830480311774517        1.1276631364057437       9.11806042054944
0                         0                        0.19031368731158252      -0.4187122055576333      3.84950310764109         1.1039371748288005       8.981818411965556
0                         0                        0.28588882349658606      -0.41955967263946076     3.8815592942361814       1.0639554677868235       8.752230748832238
0                         0                        0.1256247569669705       -0.4181261552037612      3.827806246882714        1.130998332836544        9.137212177972629
0                         0                        0.1220122530828878       -0.41809313131490217     3.8265946022730386       1.1325095425270923       9.145890024093532
0                         0                        0.19802444204408665      -0.41878139074508347     3.8520893178455635       1.100711554138254        8.963295873252157
0                         0                        2.432818336332073        -0.43492914607635197     4.1928193674590055       1.2760110959575712       6.036678109874403
0                         0                        2.8322407850814786       -0.4372596363480853      4.212004729381441        1.3674329391922981       5.632622296399608
0                         0                        1.2530673822421723       -0.4271033905363732      4.136152675079943        1.0059836923440244       7.230114365009972
0                         0                        1.3205583475234164       -0.42758905399922126     4.139394452299724        1.0214313680242526       7.161840493663132
0                         0                        1.425762876365844        -0.42833691386230727     4.144447716000933        1.0455111161042652       7.055415575344876
0                         0                        1.7849051784873342       -0.43080557234496836     4.161698311377901        1.1277134343423967       6.69210716468519
0                         0                        2.0342921594429613       -0.4324430390844338      4.173677055946115        1.184794395988618        6.439827254591075
0                         0                        3.18910769104125         -0.439205317181769       4.2291460312046425       1.4491144531745022       5.271615676863494
0                         0                        2.4017013646824052       -0.43474081318576635     4.191324733482084        1.2688888850928421       6.068156043406081
0                         0                        4.343923222639539        -0.44461852640495153     3.324424497631121        2.1375017230779605       4.595089462530893
0                         0                        5.242800558842847        -0.44802731247196065     3.9665282661408128       1.2623237651485253       3.359542092696948
0                         0                        5.449229005501396        -0.448700303348961       3.9272035486694534       1.2618196669435338       3.1607886843266826
0                         0                        6.141677895046155        -0.45065815889924427     3.795291705192433        1.2601287069625928       2.4940851405711904
0                         0                        6.554534788363258        -0.45160580242733284     3.716642270249449        1.2591205105527863       2.0965783238308093
0                         0                        5.621403571712874        -0.449230239814473       3.894404211748352        1.2613992167044052       2.995015592375843
0                         0                        6.898883920786209        -0.45227067353380856     3.6510435964074404       1.2582796100745415       1.7650321399291853
0                         0                        6.082995972186575        -0.45051014341955403     3.8064706394647914       1.2602720082006416       2.5505852613968596
0                         0                        7.015886666854317        -0.4524705968111903      3.628754517518338        1.2579938894036158       1.6523795721938068
0                         0                        7.0405552312494635       -0.45251106568680244     3.6240551442440605       1.2579336487768094       1.6286281884455605
0                         0                        7.115765422617308        -0.4525893805373666      3.826292508142629        1.2489761089574642       1.0360101748894976
0                         0                        7.2743807381244565       -0.4527519448687563      3.7411803807593813       1.1732474097721282       1.0137834515329587
0                         0                        8.01655077894883         -0.45346575169629033     3.3429359183462424       0.8189085391136306       0.9097833546428902
0                         0                        8.158265033613517        -0.45359327385839443     3.2668928095426253       0.7512490187989815       0.889924972594045
0                         0                        7.786867548911501        -0.45325309348748116     3.4661827074107476       0.9285676359025666       0.9419688065797236
0                         0                        8.656180809675632        -0.45401901105043935     2.8068038600628142       0.5169337856809593       0.664304840006551
0                         0                        7.420199987330804        -0.4528982842033996      3.662934553906627        1.1036280163152825       0.9933498376551313
0                         0                        7.381924464266323        -0.45286016057264306     3.6834729942477438       1.1219021379727305       0.9987133768553775
0                         0                        8.893111795486352        -0.45419735669168804     2.7445411879110964       0.34995140378734035      0.8411600584614121
0                         0                        9.061542837451782        -0.45434962206805213     2.7002794941094805       0.2312458808438329       0.9668840477468166
0                         0                        8.66527649604007         -0.4540250842360479      2.8044136208285693       0.5105233984160513       0.6710942415423915
0                         0                        9.552415346911573        -0.4546777260058463      2.715093685696118        0.5723319210074749       0.6493795730595053
0                         0                        9.773008313006953        -0.4548190880760404      2.6105471288917386       0.5028737648478838       0.23244600263887794
0                         0                        9.13104950140007         -0.45439721641985975     2.7650646026707477       0.49344424871071624      0.6820505320366976
0                         0                        9.208859081963915        -0.45445005177183734     2.7558369537485703       0.5080116768932612       0.6760175000723905
0                         0                        11.723973587504855       -0.45557955266812283     1.414207144784811        0.5510756827138223       0.547131780751613
0                         0                        12.04252782168147        -0.45576202778949215     1.218868369444408        0.5589461072837949       0.5985137752767518
0                         0                        11.2847662960321         -0.4553548057879231      1.6835308744117015       0.5402243189983977       0.47628875239201385
0                         0                        10.366020726466889       -0.4549852926768079      2.2469094616470215       0.5175251458953767       0.32809740925256037
0                         0                        10.605898483683664       -0.4550686365838659      2.099815427730917        0.5234517341859615       0.36678908647937014
0                         0                        10.652368126514695       -0.4550858552968302      2.071320050343644        0.5245998458085523       0.37428452266376055
0                         0                        11.008391261897724       -0.45522933167321045     1.853005189647135        0.5333960033590941       0.4317101564505794
0                         0                        12.243774210788498       -0.4558857428083243      1.0954632504024175       0.5639182418703186       0.6309743102623582
0                         0                        13.479157159679271       -0.45678832148138276     0.4479874434917215       0.8361764903888105       1.1828068942030683
0                         0                        15.28368838728976        -0.45975719983868896     0.006194290584055295     -0.40149687623075003     2.178384501398508
0                         0                        15.393276267362141       -0.45999947258940893     -0.016138194962394437    -0.4044180653679028      2.2431400423772274
0                         0                        17.08821961490025        -0.46465024719841547     -0.36154407183360604     -0.4495987011426479      3.2446830353221827
0                         0                        17.307395375045004       -0.46537559591402833     -0.406209042926406       -0.4554410794168504      3.3741941172797
0                         0                        15.10250766501554        -0.4593722171465878      0.043116401485523426     -0.3966672987499882      2.0713247090378264
0                         0                        16.72585817035181        -0.46351329350764714     -0.2876998500309753      -0.4399395461811082      3.0305634506009085
0                         0                        16.39178132484435        -0.4625338268500793      -0.21961963606230483     -0.43103434926120343     2.8331572516213726
0                         0                        18.200039312118086       -0.46862296852253327     -0.5881174602587294      -0.47923551517543217     3.9016579299604643
0                         0                        18.34920867568808        -0.4692115505645609      -0.6388056398016033      -0.24645029400052465     3.767491928441018
0                         0                        18.540816910311896       -0.46988339082711184     -0.8324431376203165      -0.22118857330446673     3.1222951748299295
0                         0                        18.745126944743195       -0.4705481231818177      -0.8698198076752988      -0.15148461408426783     3.38479936466436
0                         0                        18.88746813324573        -0.47107051245528336     -0.5609463549522218      -0.4250687437907317      3.1056278344608472
0                         0                        21.361191251727877       -0.48112310128181895     -1.3292524483471055      -0.8945534351008364      4.712347779241346
0                         0                        21.429374258438482       -0.4814456083477542      -1.3474479001295094      -0.9137722641528896      4.747694583045483
0                         0                        20.09191751902963        -0.4755594363531493      -0.9905315541496975      -0.5367816666529439      4.0543426285754816
0                         0                        20.22828353245085        -0.4761171309971735      -1.0269224577146048      -0.5752193247570228      4.125036236183835
0                         0                        21.298519986038826       -0.48082879055985395     -1.3125278706551597      -0.8768882073577764      4.679858321246703
0                         0                        19.966574987651537       -0.47505532709591747     -0.9570823987661043      -0.5014512111667235      3.989363712586343
0                         0                        21.214149337600855       -0.48043579300787975     -1.2900125528424553      -0.8531065475634803      4.636119669916429
0                         0                        19.797833690775594       -0.4743895372060951      -0.9120517631408944      -0.45388789157830356     3.901886409925692
0                         0                        22.63046498442611        -0.48752195486420913     -2.426867887107406       -1.1645692572669155      3.4115382913396672
0                         0                        19.02719280646322        -0.4715365228124677      -0.7589697593812019      -0.15813173274959524     3.5768659701918857
0                         0                        18.963887711598158       -0.47131702022445005     -0.6651434271297774      -0.28016484541949893     3.3578867060433666
0                         0                        23.53600763118509        -0.49101603586508924     -0.22401485885618744     -1.346264407615843       3.932535352177215
0                         0                        23.596462916599624       -0.4912540770255036      -0.21670622461509303     -1.359364434728608       3.942414167356162
0                         0                        24.44155027794407        -0.4946441118067767      -0.11454089062695516     -1.5424860140945924      4.08050733481835
0                         0                        24.562460848773142       -0.4951386827310843      -0.09992362214511274     -1.56868606831992        4.100264965176109
0                         0                        23.66823161944494        -0.49153743981033726     -0.2080298748891103      -1.3749159608965513      3.9541416738294046
0                         0                        23.713192820850036       -0.4917153879349034      -0.20259437038607686     -1.3846585822965025      3.961488647644053
0                         0                        24.72339650421198        -0.49580067770432656     -0.0804675922236271      -1.6035591391385537      4.126562973445687
0                         0                        24.795920657273946       -0.49610038292917213     -0.07169991368689921     -1.6192743634556166      4.138413925751877
0                         0                        25.347092924703045       -0.49840618268927084     -0.005066922397872986    -1.7387076205732797      4.228479317459346
0                         0                        25.414640999158824       -0.49867488241679614     0.09455942538839679      -1.5957617199742788      3.9450858900380297
0                         0                        25.652258928864764       -0.499584873808543       0.2969561772494842       -1.5784889166742793      3.7141963272027567
0                         0                        26.127034554562623       -0.5013130282115307      0.014227364999612746     -1.689419279883225       3.318634561522373
0                         0                        26.434676401432178       -0.5023354867376875      -0.03422038324194432     -1.4728577953235913      3.32843596260264
0                         0                        26.031417266682993       -0.5009958550169467      0.0292852719063319       -1.7567281392712175      3.3155882159155965
0                         0                        28.28833766794479        -0.5078453160518728      0.9131172643285659       -0.9490061543149753      2.547457140344971
0                         0                        28.303680212077257       -0.5078843465621687      0.9218882227470644       -0.9456232029219627      2.5404226739743
0                         0                        27.516278281203004       -0.5057418792514103      0.4717497362780847       -1.119241244096294       2.9014418344849204
0                         0                        27.894905271596613       -0.5068075789493021      0.6882015554942744       -1.0357559568112191      2.7278435832504018
0                         0                        26.62303400395822        -0.5029672700662559      -0.0388962391000689      -1.316196973596787       3.3109890891426232
0                         0                        26.760157600632514       -0.5034169742935123      0.03949397794879417      -1.2859619318476074      3.2481187254612323
0                         0                        27.024456481832974       -0.504259434637546       0.19058720453892164      -1.2276853995717794      3.126939240786985
0                         0                        27.387217814794333       -0.5053635993374456      0.3979690142170398       -1.147698407448777       2.960615300298283
0                         0                        28.409522558447783       -0.5081506626950804      0.9588391456595602       -0.9117281742607908      2.544340374052666
0                         0                        28.462308980729027       -0.5082835943103537      0.9709378017069099       -0.8999333565234977      2.4922432597179096
0                         0                        28.481150984647517       -0.5083303779750731      0.9752563918821409       -0.8957232208026369      2.4736473028407175
0                         0                        28.762367141947166       -0.5089869826474612      1.0397111780766295       -0.8328871130162288      2.196103387824323
0                         0                        29.228189826609412       -0.5099028988163141      1.1464778085317797       -0.7288017549633099      1.7363636173711008
0                         0                        28.518083418977753       -0.5084210626951706      0.9837213114701058       -0.8874708840710923      2.437197148221003
0                         0                        28.611591056139435       -0.508644644492061       1.0051532761861068       -0.8665771487182816      2.3449105742524523
0                         0                        29.47701921988606        -0.5103044033516521      1.2341255340946304       -0.7690795024478092      1.6524829028520287
0                         0                        29.998607614696272       -0.5110933924260919      1.2944600909849555       -0.5038989158022957      1.3728492643911494
0                         0                        30.147952054387858       -0.5112924410910044      1.311735457312988        -0.4279707576535827      1.292782818376672
0                         0                        29.80606168277834        -0.5108191178576306      1.2721874070086159       -0.6017911306028054      1.476076866939053
0                         0                        30.245270416315012       -0.5114157138405402      1.322992725117711        -0.37849316082824913     1.24060856008116
0                         0                        30.793917245975603       -0.5120156802526997      1.3864572570861284       -0.09955580409578246     0.946468370739467
0                         0                        31.01352161274395        -0.5122106013728167      1.4118599161407843       0.012093180791374891     0.8287342173104193
0                         0                        30.331647007616386       -0.5115208734084565      1.3329843073954137       -0.3345784660579696      1.194300396893972
0                         0                        31.78177280917293        -0.5126890659484814      4.031434423006118        -1.9416587773207539      0.9745478721760501
0                         0                        34.021376729153005       -0.5139421285967305      0.8659308890243551       1.5661491280690854       0.4789195107105808
0                         0                        34.038504562387175       -0.513950320894865       0.8534755549885631       1.5719784924901958       0.4776869698034094
0                         0                        34.46433457094414        -0.5141472099282627      0.5438126264351695       1.7169074083315792       0.44704369473904393
0                         0                        32.901574769163005       -0.5133607154312827      1.6802491553803236       1.1850306517823554       0.5595018998987147
0                         0                        32.93099457345723        -0.5133771447255382      1.6588551188584688       1.1950435213664647       0.5573848129457009
0                         0                        33.3854106299231         -0.5136229995489809      1.3284044601464728       1.3497015423632206       0.5246844491100937
0                         0                        33.703973466754455       -0.5137864931178036      1.096746054211735        1.4581226626261667       0.5017602576765832
0                         0                        33.78907900892014        -0.5138289350904528      1.0348574345897816       1.4870878687184614       0.49563595341038713
0                         0                        32.78542590904653        -0.5132952445244356      1.7647124281632216       1.1455000221070861       0.5678601212486853
0                         0                        34.79273210879375        -0.5142901376465336      0.24797595438099052      1.7867973283520229       0.28419721708202594
0                         0                        36.8650531455708         -0.5148137034168874      -0.17022208584705822     2.4235539900071217       0.22109685759322062
0                         0                        37.17928890718047        -0.5148816766204565      -0.23363541676570776     2.520108390114217        0.2115286540331276
0                         0                        36.0004052684297         -0.5146111503630535      0.004265380761921733     2.157875899602786        0.24742462771692075
0                         0                        35.305736443279514       -0.5144319253503279      0.1444507748826993       1.9444268276644223       0.2685766846688935
0                         0                        35.76614843258477        -0.5145523539855631      0.051538823400207434     2.085896414708685        0.25455754307714074
0                         0                        35.9958147429127         -0.5146100142331602      0.005191756907677814     2.156465380840743        0.24756440519604617
0                         0                        35.99841057975109        -0.5146106567673745      0.004667912455246892     2.1572629968326424       0.24748536423914125
0                         0                        37.20408905070843        -0.514886913197614       -0.23864012947021251     2.5277286653133615       0.21077351139634004
0                         0                        37.34821664325038        -0.5149169752201699      -0.26772533184688996     2.57201437348823         0.20638495250976163
0                         0                        38.13254920920946        -0.5148977727197491      1.02118474746305         3.2664768685846184       -0.5962797137127609
0                         0                        38.26916267047306        -0.5150400936796257      1.1130734390487476       -0.35307281497580334     1.093585758208576
0                         0                        37.9557113882985         -0.5150128167782688      -0.12115986304746684     2.655096554379554        0.14872343744377758
0                         0                        38.34889352045956        -0.5151037090078672      1.427819190762989        -0.724379367625815       1.1164634398125486
0                         0                        38.82122118306325        -0.5156353608906804      0.18550657455324426      0.732088385627037        0.9247136925607613
0                         0                        39.233080858613135       -0.5160131745187994      -2.9501461951074077      1.1239559772398877       0.36451681938712
0                         0                        40.55665386303911        -0.5166928803525925      -2.391818449100322       0.8350174232550671       0.640285958112747
0                         0                        40.73037907945856        -0.5168069303086413      -2.3069709588728955      0.8043277668853932       0.6727065757239288
0                         0                        40.80645268988427        -0.5168586455300002      -2.2698165661473855      0.7908888832804735       0.6869034406625231
0                         0                        41.4930007293356         -0.5173742192660418      -1.9345061301113695      0.669605837294938        0.8150271058249666
0                         0                        41.619748575881715       -0.5174790212241003      -1.872602412891366       0.6472150299253201       0.8386808018778897
0                         0                        39.59521803239644        -0.5161635384626507      -2.86138423192763        1.0048611331768598       0.46086270531480866
0                         0                        39.49537177598734        -0.5161184148467182      -2.8690700389113744      1.0582477955641707       0.4379534222248367
0                         0                        39.55734956487651        -0.5161460959704051      -2.8499122238298114      1.0427213417587637       0.45530605613592456
0                         0                        39.4931233982396         -0.5161174308696709      -2.8697650299057216      1.0588110511088829       0.4373239180645214
0                         0                        39.47711787635075        -0.5161104671344996      -2.874712460818074       1.0628206971561696       0.4328426681381927
0                         0                        41.94781715143769        -0.518069216489319       -1.397900080707906       1.2517192151485972       1.7587728874913369
0                         0                        42.82857054829362        -0.5195776972455494      -1.0334886371253518      0.8398133537727404       1.6666598422952479
0                         0                        42.870682897924915       -0.5196477914699635      -1.0160646655839685      0.8201184837769517       1.6622555484500072
0                         0                        44.16865254729336        -0.5217172507531582      -0.47903012749274865     0.21309124054270967      1.5265082014600004
0                         0                        44.18970872210905        -0.5217493699923106      -0.47031814172204633     0.20324380554495747      1.524306054537453
0                         0                        43.134789616389526       -0.5200831568246269      -0.9067905930921043      0.6966025192033527       1.6346341118692171
0                         0                        44.32176208134134        -0.5219497478514382      -0.4156811054759686      0.1414858232581082       1.510495336247006
0                         0                        42.778238051909405       -0.5194936776201148      -1.0543136918251008      0.8633525763887775       1.67192383506646
0                         0                        44.11913859849849        -0.5216415391030796      -0.49951650838229966     0.2362476493641168       1.531686586941781
0                         0                        45.508734546293155       -0.5236689895697534      -0.10643466054162332     3.450575462564487        2.082702666344062
0                         0                        47.23077446336331        -0.5253603587207742      1.2338398849971295       2.4032828766990164       0.7077578440842309
0                         0                        47.378867800616405       -0.5254616778251163      1.206349341639994        2.356496882132909        0.6605563045648317
0                         0                        46.36975450482825        -0.5246328196182358      1.3936708871246744       2.675298322150425        0.9821892827538932
0                         0                        46.443801173454794       -0.5247046736833958      1.3799256154460124       2.6519053248673714       0.9585885129941545
0                         0                        47.93538530732518        -0.5257799320233549      1.1030430826884912       2.1806805656955506       0.48317841860879573
0                         0                        48.08354563461343        -0.5258480216164911      1.0755401039812926       2.133873407480045        0.4359555274686102
0                         0                        46.802336606644005       -0.525027875742261       1.3133707382718498       2.538635969607583        0.8443131192953715
0                         0                        48.0917944218984         -0.5258516068773686      1.0740088828696144       2.131267431247633        0.43332640541466194
0                         0                        46.828748391245604       -0.5250500643888789      1.3084679227690863       2.530291896648194        0.8358949357512486
0                         0                        48.11858936809264        -0.5258564627554518      1.016241578435583        2.020253937091468        0.17405364977298632
0                         0                        48.42078277122001        -0.5258846242588618      0.9224002440474948       1.9112101885162076       0.012327013197122483
0                         0                        49.657532082816765       -0.5254905808146284      0.5383475000007039       1.4649404169445148       -0.6495514539770113
0                         0                        49.82454235398998        -0.5253746353713475      0.48648512795279686      1.404676275401883        -0.7389313317340509
0                         0                        48.95747304062256        -0.5258141649601747      0.7557396534697594       1.7175503726705932       -0.2748967026591522
0                         0                        49.13729692685222        -0.525756079073704       0.6998982179387205       1.6526625543565139       -0.37113411881368563
0                         0                        50.09288748869123        -0.5251570779719186      0.40315483266387275      1.3078463674790868       -0.8825431896621581
0                         0                        50.18279943180607        -0.5250755635755814      0.37523411489842573      1.2754024583220058       -0.9306618977394123
0                         0                        49.62546129666652        -0.5255111372167264      0.5483065703711105       1.4765128692395137       -0.6323879410652751
0                         0                        51.22830193675993        -0.5238100603830007      1.0872125721151455       6.116917801783487        -10.20157674561392
0                         0                        55.6738174296919         -0.5196458354766994      0.7784574232577128       -3.0456940037539795      -0.7918730223454986
0                         0                        55.7073128536467         -0.519640268924022       0.059955824061805885     -3.1762616678092854      -0.16876333763396367
0                         0                        55.89647453808289        -0.519339723215121       0.5220862501384467       -1.8143363966337915      -1.647260502883455
0                         0                        52.710140434403925       -0.522278887388227       0.699121941157876        -1.1588210266209007      -0.9850088144498983
0                         0                        52.72588094130407        -0.5222633909232677      0.6995433031028888       -1.1688424753696687      -0.9839830429932981
0                         0                        54.19197893204792        -0.5208908124194598      0.7387896822078055       -2.1022575151874463      -0.8884409183976913
0                         0                        54.22345994584827        -0.5208628756909724      0.7396324060980746       -2.1223004126850853      -0.8863893754845265
0                         0                        52.78197737097287        -0.52220829552275        0.7010449638099074       -1.204557176203874       -0.9803273718808541
0                         0                        54.335652805185774       -0.5207638392726454      0.7426357275119067       -2.193729814353361       -0.8790780332596171
0                         0                        52.79928992981984        -0.5221913333136082      0.7015084084444987       -1.2155794972953267      -0.9791991535319085
0                         0                        54.37027792287977        -0.5207334401569746      0.7435626167813219       -2.2157744565360957      -0.8768215965617969
0                         0                        53.04214471409928        -0.5219554518570553      0.7080094547535207       -1.3701969304882127      -0.9633728839341558
0                         0                        54.66420367222868        -0.5204785347041829      0.7514307957574147       -2.4029070471024454      -0.8576671534459024
0                         0                        55.93440098624788        -0.5192782042627929      0.5130017812949745       -1.816464683325563       -1.6135308056804747
0                         0                        56.13730039837974        -0.5190905084150798      1.044391451702296        -2.120390437660973       -0.8710969146906109
0                         0                        59.26713857213987        -0.5165107370766748      0.3444481711465013       -1.108772750784782       -0.7774045062665493
0                         0                        59.346811133162205       -0.5164488942788766      0.326630549072652        -1.0830212047258794      -0.7750194902647749
0                         0                        57.58271064372635        -0.5178626865067346      0.7211462445350918       -1.6532089133113104      -0.827828234481359
0                         0                        57.742055765770964       -0.5177311561563452      0.6855110003875566       -1.6017058211934625      -0.8230582024777107
0                         0                        59.25131690171224        -0.516523040661333       0.3479864601212679       -1.1138865875879063      -0.7778781315229821
0                         0                        57.551067302871054       -0.5178888967448132      0.7282228224846392       -1.663436586917598       -0.8287754849941962
0                         0                        60.95156650055342        -0.5152437227826745      -3.133833515432208       2.1546527145949526       -0.13319054523250884
0                         0                        59.004628752516226       -0.5167158448325853      0.4031547157423283       -1.1936204527319685      -0.7852627966541448
0                         0                        57.249982246406425       -0.518139785505657       0.7955561638423347       -1.7607524708271853      -0.8377885337573048
0                         0                        63.620697949437904       -0.5128974254483161      -0.7816281545735393      -0.11638421999265347     -0.8480710774420307
0                         0                        64.95526367388014        -0.5117862898941382      -1.0894060268302823      -0.06692032399741876     -1.3813706556120167
0                         0                        62.286132224995654       -0.514049903077828       -0.6285890983735527      -0.05275139288185926     -0.8790490012543033
0                         0                        67.62439512276464        -0.5107527557756733      -3.0146724476990556      2.132955300214576        -0.0530841135466334
0                         0                        68.95896084720687        -0.5109048729476123      -3.516486552929422       2.545703387409503        0.6813919255406375
0                         0                        66.2898293983224         -0.5110465614245159      -1.7401406964726505      -2.414902352281146       -0.38721739197086436
0                         0                        72.07281834778544        -0.5119550587390149      -0.6651039649150547      -1.9322135688253539      0.6555339886725928
0                         0                        72.52464649873768        -0.5122721137882077      -0.7770603112335763      -1.9476849707094956      0.7478980397416102
0                         0                        70.5158895974962         -0.5111822024342862      -0.2793200025978564      -1.8789015510813627      0.33726199455414907
0                         0                        70.74180367297232        -0.5112636112507802      -0.33529817575707455     -1.886637252023469       0.3834440200886462
0                         0                        71.89977349268023        -0.5118446826289285      -0.6222260041549177      -1.9262882042996807      0.6201596460149297
0                         0                        70.42936716994356        -0.5111537868762962      -0.25788102221778786     -1.8759388688186291      0.3195748232253237
0                         0                        71.58545153482115        -0.5116598511549088      -0.5443416627401092      -1.9155252597580485      0.5559050188815959
0                         0                        70.272206191014          -0.5111060867642623      -0.2189388515103161      -1.8705573965477313      0.28744750965863375
0                         0                        72.89869687862824        -0.5125661661195526      -0.8697444739698597      -1.9604931229684368      0.8243625281045857
0                         0                        73.47554891118642        -0.5127730694269707      -1.9413255771737994      -3.413126307055606       -0.8174189850896312
0                         0                        73.7406890428889         -0.5125887667250636      -1.726707050630175       -3.3194974580735206      -0.5728096515479848
0                         0                        73.8942007506034         -0.5125117042634545      -1.602446508458236       -3.265287918362226       -0.4311849330498845
0                         0                        74.23795365128771        -0.512417991199127       -1.3241946249495236      -3.143898567686911       -0.11405011306066015
0                         0                        73.37467730776899        -0.5127337650015035      -0.7032682798326988      -2.107112128493071       0.38308446925995554
0                         0                        73.44372279824611        -0.512760525458003       -0.6937056019623071      -2.1237054660649903      0.39206989099407963
0                         0                        74.6252678306245         -0.5127996798294087      -1.8184346343630509      -1.3053742231267336      0.9779220310841623
0                         0                        74.97452180537084        -0.5131388441463044      -1.9441045401532264      -1.347369092184607       0.9642996266199475
0                         0                        75.02730086119442        -0.5131896846443883      -1.9630957026098343      -1.3537153321661606      0.9622410168469742
0                         0                        75.2743748531905         -0.5134262388542683      -2.0519988147932082      -1.383423913003469       0.9526040703985075
0                         0                        75.6931448266151         -0.5138217407773921      -2.2026822340620953      -1.4337774994217227      0.936270243533329
0                         0                        75.82304050277165        -0.5139430291762305      -2.2494217948559623      -1.449396367940892       0.9312037544831497
0                         0                        74.58707927060198        -0.5127623059539573      -1.8046934801105152      -1.300782368219842       0.979411548879682
0                         0                        75.85649359791844        -0.5139741589989913      -1.8428909320641367      -2.461795016943843       2.2957828612141498
0                         0                        75.95423327639865        -0.5142126894182262      -1.955044061420523       -2.4764705218173453      2.585150306232862
0                         0                        76.01294674231872        -0.5143695755365983      -2.0224158702978343      -2.4852862839382786      2.7589770047207764
0                         0                        75.87560779487886        -0.5140185818749127      -1.8648238567224666      -2.464664992525979       2.352372226188919
0                         0                        77.81269196137116        -0.515576223693401       -0.9264575295356394      -2.5415308450951954      0.6180591834453626
0                         0                        77.97619374277402        -0.5156764992006178      -0.9078337146111899      -2.564557422108237       0.608539161310734
0                         0                        76.12624859645422        -0.5144511021400197      -1.118553351607252       -2.3040226192692863      0.7162536986676677
0                         0                        76.37883416623708        -0.514630160100993       -1.0897823690292796      -2.3395952046262884      0.7015467016269215
0                         0                        76.67739479940519        -0.5148370192495677      -1.055774556220563       -2.3816426328176696      0.6841627697095196
0                         0                        77.28401079124373        -0.5152413302754077      -0.9866774255025774      -2.4670746674632973      0.6488420678799862
0                         0                        78.55507484016871        -0.5160190151884231      -0.841895751558944       -2.6460834462051253      0.5748333459168435
0                         0                        77.67531175677696        -0.515490765139226       -0.9421059431657817      -2.522183068979153       0.6260582558553338
0                         0                        79.82613888909373        -0.5167026302756442      -2.0357813387377064      -1.3368076730557164      -0.09710028888108724
0                         0                        80.9700523671871         -0.5170491266773505      -1.8483382244042446      -1.9923509355676519      0.3054369074334301
0                         0                        82.11396584528043        -0.5174014170658845      -1.4802448590937587      -2.0330475762728106      0.3105019643092231
0                         0                        83.2578793233738         -0.5177595014412465      -0.9280387044584586      -4.6897809686306005      0.5204492101256051
0                         0                        85.5457062795605         -0.5185075785295206      -2.009923701727544       0.1910696524662896       0.22868660154480125
0                         0                        86.68961975765386        -0.5187129557861011      -2.8737256101890125      1.6990239714089057       -0.578575479098177
0                         0                        84.40179280146715        -0.5181897604145682      -1.6144593568585037      -0.7409366349928632      0.3269814993007003
0                         0                        88.21483772844498        -0.5188232650027551      -2.2164798771543275      -0.10307497095241772     0.09942706021540447
0                         0                        89.74005569923612        -0.5190162516641489      -1.3762441415232018      0.5092037168246227       0.15363403018532318
0                         0                        91.26527367002728        -0.5192919157702819      -0.8625829324294045      2.8556320969489093       -0.14120648500502314
0                         0                        94.31570961160952        -0.519015913496134       4.384327219440991        1.6673880338945253       0.6302921392766423
0                         0                        95.8409275824007         -0.52052691341118        1.2091728969507791       3.279605631639753        1.8885735165188464
0                         0                        92.79049164081839        -0.5186042476158343      3.950325238081348        0.989670575901215        -0.09047961649883102
0                         0                        99.25075600316826        -0.5230255614099611      2.427346392223302        3.1341522676759723       0.7608420145951875
0                         0                        100.0745284041072        -0.5236579071295847      2.1808736827798585       3.1876474881636625       0.7744017466744353
0                         0                        97.54584179278446        -0.5217523142289957      2.937456738628308        3.0234362962580406       0.7327782194442243
0                         0                        97.957727993254          -0.5220555317322207      2.814220383906518        3.0501839065019          0.7395580854838926
0                         0                        100.38323441709753       -0.5238977539446921      2.0885088410390473       3.2076946470779717       0.7794832119221322
0                         0                        100.55200151854625       -0.5240295394841873      2.0380137228346413       3.218654268076236        0.7822612082192482
0                         0                        98.1881328753797         -0.5222263664410084      2.745283241193679        3.065146243133654        0.7433506724506209
0                         0                        98.19646455047351        -0.5222325603686109      2.742790403933956        3.065687296458151        0.7434878162562715
0                         0                        98.99341719463595        -0.522830312267513       2.5043421659486382       3.1174408601478945       0.7566060808672201
0                         0                        97.41717238851832        -0.5216581643508083      2.9759546254908873       3.0150805924938595       0.7306602525802361
0                         0                        100.56966200075357       -0.524043357161296       1.9542778865554737       4.170719128910534        3.2527446324490654
0                         0                        100.72686248873346       -0.5244251770493991      2.113265094958024        3.495631173144428        1.6049996787778866
0                         0                        101.35827899078942       -0.5244441145653883      1.9593300693253752       3.392297384286266        0.004884562805170578
0                         0                        101.61799121470105       -0.524634094677874       1.1014094778580557       4.265691200580714        0.6186633596133504
0                         0                        103.78211875032517       -0.5249004877180816      -0.3492121114093013      2.7598712979482563       -0.2728268781381419
0                         0                        103.86748734299869       -0.5248758635871271      -0.40969442460918604     2.6991599173591783       -0.3040628229420399
0                         0                        102.57200209350276       -0.5249627349519158      0.5081366201807072       3.6204671050080677       0.16994880686591785
0                         0                        102.7427392788499        -0.5249864183955557      0.38717199378086065      3.4990443438301995       0.10747691725784136
0                         0                        103.5198191600853        -0.5249594631103022      -0.16337695269061392     2.9464102785344144       -0.17685275854399052
0                         0                        102.04740291302326       -0.5248232320026243      0.8798069376179143       3.9935450661804097       0.36189704605408224
0                         0                        103.37000275632067       -0.5249818523057365      -0.05723437295270628     3.052954856845668        -0.12203567919243596
0                         0                        101.74777010549391       -0.5246983707792918      1.0920920970938397       4.20663422280311         0.4715312047572695
0                         0                        104.99223540714746       -0.5243024302525884      0.07147998311035764      1.2609694868806436       1.9799916696130992
0                         0                        103.28947614467621       -0.5249904930958448      -1.825276091942385E-4    3.110222777212959        -0.09257139124056124
0                         0                        107.81315304187119       -0.5222961765420552      -0.7613332582269408      1.1560373430423923       -0.7032253997269464
0                         0                        108.12524417169203       -0.5220769816893481      -0.9273899738473972      1.1044842651882263       -0.7014595256849532
0                         0                        108.77530180100626       -0.5216221880797393      -1.2732711110326989      0.9971038612883945       -0.697781369583609
0                         0                        106.55873978941977       -0.5231827635406443      -0.09388800000273356     1.363248820350436        -0.7103231208367742
0                         0                        107.27266993630883       -0.5226770844323296      -0.47375427637803114     1.245317572300774        -0.7062835612541214
0                         0                        106.25325753843376       -0.5234000186564574      0.06865227888371805      1.4137102041045928       -0.7120516005202937
0                         0                        107.67928961509335       -0.5223903633996829      -0.6901075203946903      1.1781497038341335       -0.7039828257730889
0                         0                        107.51427966972004       -0.5225066045988407      -0.6023094160745615      1.2054070326964492       -0.7049164850518821
0                         0                        107.41509626592904       -0.5225765484460568      -0.5495361434504957      1.2217907400463126       -0.7054776845907504
0                         0                        109.7471075003571        -0.5211778744030373      -1.613499640355311       1.2723632016163196       0.2623575392738884
0                         0                        109.99479856315482       -0.5212391947871117      -1.638236971054928       1.048467939013034        0.2327784852682786
0                         0                        110.00728988732861       -0.5212420931819576      -1.6394845009960441      1.0371766623938914       0.2312867820628881
0                         0                        109.67370872386225       -0.5211582960024805      -1.6235927509492285      0.6536249498796849       -0.5225100073595854
0                         0                        110.01637854991101       -0.5212441903372429      -1.6403922012956471      1.0289611520213082       0.2302014217824464
0                         0                        109.5250705862879        -0.5212358094229462      -1.5965631262150737      0.7021167640957771       -0.5204715817582013
0                         0                        109.17555651545474       -0.5214168839116347      -1.5330045111243464      0.8161424890229796       -0.5156783406581269
0                         0                        114.88986068774491       -0.5175833978244492      0.22444965187428068      0.7336792603914404       1.1451027103973175
0                         0                        114.93965898559888       -0.5176435966679583      0.2842570152099029       0.6397081539286233       1.2726041632723408
0                         0                        110.39145310368194       -0.5210541692760677      -1.7309866988482518      1.3767984450770712       -0.5206583333484414
0                         0                        111.39566743816238       -0.5204935781342156      -1.793479271410379       1.4886966401435444       -0.5958187425183139
0                         0                        112.50549146913924       -0.5197862305391844      -1.862543968463239       1.6123627755925156       -0.678883508087484
0                         0                        113.09087111437964       -0.5193760024112596      -1.898972327131757       1.6775908085751041       -0.7226962402356785
0                         0                        110.15511839225574       -0.5211751287134833      -1.7162795157343496      1.350463999598503        -0.5029698648592174
0                         0                        112.27539109026901       -0.5199404605133547      -1.8482247498168904      1.5867230130482426       -0.661661648139634
0                         0                        112.23856964163441       -0.5199647731156142      -1.845933339535689       1.5826200506621433       -0.6589057472820592
0                         0                        111.6372728100828        -0.5203474406562806      -1.808514449377518       1.5156183879297487       -0.6139016935255848
0                         0                        113.25816707025467       -0.519254050874552       -1.909383206864268       1.6962323623366728       -0.7352175039384097
0                         0                        113.38566324157384       -0.519159705144836       -1.9173173335382927      1.7104390819169737       -0.7447599532690719
0                         0                        114.4807998347807        -0.5182992095661414      -1.985468026738424       1.8324686167717346       -0.8267254377441136
0                         0                        114.62974962167924       -0.5180172007741006      -0.007143090409670094    1.471658315989167        -1.9505428793452069
0                         0                        114.84568113789447       -0.5176557339700786      -0.6084297608455387      0.8827085349346078       -1.708083577443979
0                         0                        114.76696331300876       -0.5178253925058021      -0.6575216463127589      0.7692436490038546       -2.364426827977155
0                         0                        119.91790070535404       -0.5125118356129884      -1.363162936037611       2.3227409332910653       -1.6173405819857862
0                         0                        119.93381387400284       -0.5124686893296038      -0.6048425937416937      1.9297189656116345       -2.702091489018926
0                         0                        115.02984350999057       -0.5176965377702553      -0.9229932244764996      1.6158601080375323       -0.5040348234348357
0                         0                        116.54711376991334       -0.5166696161089774      -1.0596234613945015      1.83527841895343         -0.8496088726199424
0                         0                        116.73458257253232       -0.5165063386826992      -1.076505033249525       1.8623890063726516       -0.8923068381229413
0                         0                        118.32858645599545       -0.514794645822647       -1.2200451354965196      2.0929040628798212       -1.2553577664745035
0                         0                        118.43932163507402       -0.5146542371248126      -1.2300168420224793      2.1089179047075923       -1.280578852811061
0                         0                        116.4268109109174        -0.5167701783226952      -1.0487901849763333      1.8178809579891837       -0.8222086478808848
0                         0                        118.17235580813572       -0.5149879915903897      -1.205976560507139       2.070310945640202        -1.2197746149334137
0                         0                        115.47615151530425       -0.5174488991035112      -0.9631832750661147      1.6804024320129614       -0.605686103799215
0                         0                        117.47580841726563       -0.5157823702228428      -1.1432524449998596      1.9695805378713782       -1.0611287173168193
0                         0                        119.60809708414628       -0.5130019635568848      -1.3352651097363264      2.277939035385092        -1.5467795918572165
0                         0                        119.96639039991415       -0.512395586236243       -0.7798835968599604      1.7586266741474361       -2.195443454980847
0                         0                        121.86557904955791       -0.5099668226952484      -1.167241367537006       1.8660434270338229       -1.0295311495959787
0                         0                        122.26756454547224       -0.5095772614224783      -1.1735328306556578      2.0335644784135525       -0.9086545647133608
0                         0                        120.90770255293218       -0.5110909361101658      -1.1522496707917256      1.4668636570233673       -1.3175635309337288
0                         0                        121.17948058096334       -0.5107439565968684      -1.1565032606778942      1.580122820501586        -1.23584018467265
0                         0                        122.28081925115929       -0.5095652438881264      -1.1737402796627094      2.0390881658475273       -0.9046688896744257
0                         0                        121.63607114763435       -0.5102110277170433      -1.1636493461455757      1.7703996652043017       -1.098543916648655
0                         0                        122.29274259870925       -0.5095544785811477      -1.173926891623001       2.044057030987833        -0.9010835525246144
0                         0                        122.82345554618365       -0.5091186087286818      -1.1822330642823413      2.2652231970445005       -0.7414987682581149
0                         0                        121.68491012858159       -0.5101577345720274      -1.164413723593377       1.7907525324588391       -1.0838580902045187
0                         0                        120.14876560200364       -0.5121774828230933      -1.1403715709977718      1.1505887733704583       -1.5457750154321985
0                         0                        120.4007675823911        -0.5117974923985978      -1.1443156465467013      1.255606584045978        -1.4699983043756788
0                         0                        120.08527943872726       -0.5122268538663075      -0.2370033376882077      0.8818425478035437       -0.9251621890193746
0                         0                        122.87749088877867       -0.5090402643341023      -1.0221264801735828      2.3745652018608823       -1.443270254539783
0                         0                        122.93107807240793       -0.5089632744440765      -1.042587295986685       2.3189619665790673       -1.430173909214318
0                         0                        123.02871691756428       -0.5088247988576229      -1.0798680465625168      2.217649762574762        -1.406311635686663
0                         0                        123.11082853681214       -0.5087101482205157      -1.1112201461459037      2.132448948216119        -1.3862441111768078
0                         0                        123.38123815957039       -0.5083442296568309      -1.411326416380021       1.701072158382786        -1.6210828312343608
0                         0                        123.69064534372254       -0.5078826388036561      -1.4815920079027336      1.4721591062438293       -1.3626284516132756
0                         0                        123.72258353657628       -0.5078395449473072      -1.4888450909854143      1.448529825540497        -1.3359498021086011
0                         0                        123.99607099812658       -0.5075054185152247      -1.5509534040568838      1.246191765043445        -1.1074999281896893
0                         0                        125.54182422871982       -0.5065024985607988      -1.5212854429142197      1.3185750701327947       -0.14561683500407518
0                         0                        125.8637821084875        -0.5064893606313223      -1.5325555123540227      1.287250832350658        0.06400411295197728
0                         0                        124.53018399255346       -0.5069829742162392      -1.4858731842740465      1.4170005515360558       -0.804277481696821
0                         0                        124.64143194846169       -0.506897528920271       -1.4897673961163065      1.4061769076911652       -0.7318459512354556
0                         0                        125.0182819647817        -0.506667964763907       -1.5029589535192507      1.3695120510088792       -0.4864857267389482
0                         0                        125.9698518202343        -0.5064998121199613      -1.5362684608232513      1.2769309952507442       0.13306418236785156
0                         0                        126.27609179420438       -0.5065710918730982      -1.5469883281995322      1.2471359991787168       0.3324514863591581
0                         0                        124.64993104207569       -0.5068913324083381      -1.4900649051422903      1.4053500056459036       -0.7263123452201761
0                         0                        126.62600402696623       -0.5054268886682971      -0.34681992733737843     2.28673610900384         -2.880880318929826
0                         0                        127.21227390617976       -0.505031938741843       0.06955531335067633      0.1008810673073981       -0.7271608436031727
0                         0                        127.27241954945356       -0.5049878731008349      0.059216976358641205     0.08513477990501883      -0.7381370103935225
0                         0                        127.34212983903578       -0.5049359739411695      0.04723458783843171      0.06688444297424212      -0.7508586594408575
0                         0                        127.10694608717152       -0.5051075167227792      0.08765994118850529      0.12845616700363394      -0.7079392400725366
0                         0                        127.67610057187994       -0.504675031806356       0.45535261848769437      -0.7131380322327061      -0.6064971945618538
0                         0                        127.07789026899927       -0.5051280094425631      0.09265429860976582      0.13606305652643869      -0.702636752824505
0                         0                        128.50532542632467       -0.5039287673772719      -0.6458072714683425      0.8916573742228735       -0.6440518628411169
0                         0                        128.50733903845892       -0.5039274716517744      -0.6456780005408831      0.8906241371894268       -0.6429144554040036
0                         0                        128.50969099704943       -0.5039259611059166      -0.6455270082701929      0.8894172857428018       -0.6415859298419306
0                         0                        128.4828414022045        -0.5039433910319173      -0.6472507126365485      0.9031945148604024       -0.6567521718107727
0                         0                        129.16546339450753       -0.5036266820743671      -0.18858585529051197     0.23596597395066965      -1.0014101273917504
0                         0                        127.80811541184315       -0.504595380863222       -0.9817048771788563      -0.12350032354028428     -1.403939465602079
0                         0                        127.87341338780433       -0.5045052924794816      -0.5907534604092248      -0.005048748953043969    -1.0871821936850186
0                         0                        127.80574114051052       -0.5045968060344193      0.34048831727821494      -0.6503012682783336      -0.6003128767425636
0                         0                        128.19722580617452       -0.5041816671394276      -0.5382351495274094      -0.226874902159949       -0.9116623329249727
0                         0                        129.25905833094808       -0.5035335635405168      -0.11156862097607245     0.22718038588857326      -0.9884097793649573
0                         0                        132.37544981957427       -0.503220053736409       0.1033777586428144       -0.7967735159971241      0.014366758319784623
0                         0                        132.43959214478798       -0.5032211270323377      0.11469255510284171      -0.7968128523643898      0.0190993165445974
0                         0                        130.01691380157385       -0.5033913828938085      -0.31267131501078893     -0.7953271038411884      -0.15965108392835248
0                         0                        130.1451984520015        -0.5033715092248936      -0.29004172209076273     -0.7954057765755209      -0.15018596747874824
0                         0                        132.9031150606591        -0.5032379061788482      0.19645864995726825      -0.7970971156423983      0.05329903070492703
0                         0                        132.90901000203246       -0.5032382216554868      0.19749852591367878      -0.7971007308153055      0.05373397211354192
0                         0                        131.02156956164487       -0.5032682238959546      -0.13544862469431962     -0.7959432260003609      -0.08552542876117286
0                         0                        131.08403416649028       -0.5032630255264167      -0.12442978046902908     -0.795981533477061       -0.08091665634087519
0                         0                        134.73398583757466       -0.5034591519277267      0.9372358717105129       -0.5527729356986413      0.4469391900825457
0                         0                        136.27961925670422       -0.5036315479024909      0.2081578369823145       -0.9258678240299751      0.039514406696952165
0                         0                        136.3586162891           -0.5036343786287253      0.21574545628902797      -0.9360389257922357      0.032152240735324966
0                         0                        136.77282214467596       -0.5036397016648018      0.25552968933432685      -0.9893691558001958      -0.006449870743242991
0                         0                        137.20382732776397       -0.5036282654865692      0.2969274880785111       -1.0448623489536324      -0.046617603529774954
0                         0                        137.47050950148292       -0.5036125194004413      0.3225421567400595       -1.079198468233372       -0.071471175396713
0                         0                        135.75340399112528       -0.5035978517881948      0.15761516483996374      -0.8581160509217653      0.08855528835074722
0                         0                        136.7094679813427        -0.5036399232592969      0.24944455856058734      -0.9812121197344723      -5.455493950892176E-4
0                         0                        135.72172690945868       -0.5035949998571764      0.1545725994529903       -0.854037532888924       0.09150744902478891
0                         0                        136.40104221085022       -0.5036356588431654      0.2198204415537699       -0.9415013888037294      0.028198336803400892
0                         0                        137.6972090532267        -0.5035939221340879      0.3443165176682186       -1.1083867065802693      -0.09259854781492294
0                         0                        139.45909342455428       -0.5029743876345626      0.2654695586614153       -0.5330872555883275      -0.940326994083307
0                         0                        139.5630710049577        -0.5028730023363926      0.25677251341054586      -0.5016732072670305      -1.009810675533899
0                         0                        138.281099398478         -0.5036184275758427      0.3640010623780672       -0.888986682309878       -0.1531249709067879
0                         0                        138.8210245553348        -0.5034383467776551      0.3188398506724388       -0.7258627194168605      -0.5139334015380719
0                         0                        138.99729493752938       -0.5033373737608131      0.30409598488545875      -0.6726073322227677      -0.6317272089921104
0                         0                        140.29738082183212       -0.5019513228798067      0.19535229492978345      -0.27982111202997473     -1.5005178953381346
0                         0                        137.9955958426285        -0.5036349097488241      0.3878815694532527       -0.9752439549314236      0.03766460171736696
0                         0                        139.40325152067274       -0.5030258553661581      0.2701403690712354       -0.549958395117514       -0.9030102855597164
0                         0                        141.59746670613478       -0.4994357694910679      -2.2673327521910664      2.298263628659072        -2.5301098629804493
0                         0                        142.64605406105372       -0.4968894794500807      -0.11691694923209894     0.651913872848155        -2.916589997675203
0                         0                        143.6946414159726        -0.4933191707089777      -0.26012981253338197     0.813545444161484        -3.8931597563246285
0                         0                        144.74322877089153       -0.48872484326775817     -0.6102581265852791      1.2662956070453824       -5.9189905883243625
0                         0                        145.98246837215933       -0.4821109870735332      -1.1114520880627765      0.4448702832585667       -6.2110880745856285
0                         0                        147.2217079734271        -0.4733307906497812      -1.0434464469752953      0.883749070786422        -7.959208637639454
0                         0                        148.4609475746949        -0.4623842539965021      -0.9365590350765274      2.2893119678973335       -9.627881257431902
0                         0                        149.41636979661354       -0.4513287656538155      -0.15601201199255854     1.7014816021986405       -12.920881048242258
0                         0                        149.67741024999066       -0.44785963973638804     -0.18005865640260943     1.5057454647450506       -13.658339701237578
0                         0                        150.6518682903135        -0.43320886009540993     -0.2698242298415856      0.7750669417197287       -16.41125598114764
0                         0                        150.7022214656892        -0.4323789198385687      -0.27446268678387753     0.7373105866067604       -16.553507438369056
0                         0                        150.89387292528625       -0.42915453309037366     -0.29211732398654533     0.5936044446905697       -17.094937034474032
0                         0                        150.37179201853212       -0.4376944602359869      -0.24402403516645776     0.9850767195977355       -15.620019728483603
0                         0                        150.19581521483403       -0.44039947816486297     -0.22781332311698943     1.1170295238150985       -15.122872198532987
0                         0                        149.92930919175575       -0.4443294885938359      -0.20326319884624588     1.3168639130471682       -14.369972905523678
0                         0                        151.08870880810986       -0.4257702045903806      -0.3100653053510314      0.4475105245801956       -17.64536286251473
0                         0                        151.19597890985523       -0.4238611308332589      -0.31994686186510535     0.3670761125636801       -17.948408860621328
0                         0                        151.3272142404507        -0.4214813377430157      -0.23309467446481236     0.17488668237417038      -18.731386506320156
0                         0                        151.6210303421598        -0.4157056202935362      -0.2747446051464273      0.3596102915792594       -20.583800210016463
0                         0                        151.7396849316894        -0.41321887647941125     -0.29156449827080166     0.4342090079162664       -21.33187829822389
0                         0                        151.45695700099463       -0.4189980121099982      -0.2514863723726073      0.25645658564519547      -19.54937185902533
0                         0                        151.51374552393577       -0.41787766607722887     -0.25953643508283086     0.2921598056461301       -19.907404783350806
0                         0                        151.38296665895402       -0.4204272191383306      -0.24099786408743995     0.20993849848608725      -19.08288713357984
0                         0                        152.03737051927783       -0.4065893341789178      -0.3337629483076441      0.6213653816745239       -23.208687835325698
0                         0                        151.56030492192028       -0.4169439557335455      -0.26613646716869965     0.32143192513881         -20.2009464455016
0                         0                        152.2831340860675        -0.4006950840761633      -0.36860118712876755     0.7758781289487935       -24.758146140511442
0                         0                        152.46274236708967       -0.3961466243996831      -0.39406157684506127     0.8887987269708937       -25.890517168264836
0                         0                        152.5448840399335        -0.39399866440080833     -0.4057055778379208      0.9404415953692151       -26.408393348417533
0                         0                        152.57068464500048       -0.39333906821404657     0.2531348201711161       0.7176621532866303       -25.615665606019597
0                         0                        153.6912980178487        -0.36317656358539185     -0.5030331207557772      -0.306037107279856       -31.416885065306936
0                         0                        153.73579123808756       -0.3617707741699978      -0.4591021589861235      -0.2906024101399183      -31.774289133701814
0                         0                        154.64564987357448       -0.3295357252129161      0.4392586410817234       0.02502753086019638      -39.08297967670096
0                         0                        154.7986369544748        -0.3234625304905612      0.590312432338103        0.07809874592048871      -40.31189061711181
0                         0                        155.92342380672775       -0.2730389309260742      1.7008854126726387       0.4682872806748435       -49.34705136551906
0                         0                        154.23459221401382       -0.34492244072168393     0.0333954954082234       -0.11756836236369139     -35.78104560487604
0                         0                        155.93173181462797       -0.27262867801034985     1.7090884327166966       0.47116932843605497      -49.413787731371066
0                         0                        154.25120822981424       -0.3443267934100481      0.04980153549649913      -0.11180426684138922     -35.91451833657999
0                         0                        157.61225539944172       -0.17824472201495054     -0.6479542575725459      4.824346507814264        -65.64874820841312
0                         0                        153.49898770199454       -0.3690698155648668      -0.6929132213272347      -0.37274955169627333     -29.872099389835142
0                         0                        160.04429189230933       0.007600765365607473     1.3935057130464266       0.05380485449896222      -87.18241853236724
0                         0                        161.26031013874316       0.12016251107585238      -3.213982327003052       2.7767446746524342       -89.70400568355095
0                         0                        158.8282736458755        -0.0918683123313273      0.3727757277369266       2.439075681156618        -76.41558337039004
0                         0                        162.476328385177         0.23953081674471194      0.10195929822144834      6.653985144743487        -96.574332489272
0                         0                        163.69234663161083       0.35503481196409714      -0.42537914468244864     2.4159481349492324       -93.39649329088255
0                         0                        164.9083648780447        0.46667449673401046      -0.08250066785220156     -1.7616686412030216      -88.5949092045638
0                         0                        169.4794741920885        0.7750972488104311       -0.552170480072526       1.332666244444809        -46.52032297533263
0                         0                        169.53768636567835       0.7777895282478658       -0.45650913281900785     1.4187400727121258       -45.9785229329122
0                         0                        169.97464259365682       0.7969916022526455       -0.5924668229762347      0.6238063154259521       -43.69935280916428
0                         0                        166.43206798272584       0.592191740880515        0.9938859483235376       -1.1251478494835467      -74.92431677487205
0                         0                        166.62915485471268       0.6067683656018649       0.9912988789091912       -1.0196007290345293      -72.99649169301358
0                         0                        167.9557710874072        0.694999324905995        0.9738849931150497       -0.3091499420780508      -60.020061443718305
0                         0                        168.3499448313807        0.7178977592085437       0.9687108542862433       -0.09805570118025742     -56.16441128000312
0                         0                        166.94933187841474       0.6296387928404812       0.9870960612539079       -0.8481343977410205      -69.86464789892857
0                         0                        168.90222165670306       0.7474243204614336       0.9614613684695144       0.1977084358008483       -50.7622599076037
0                         0                        168.99029887878473       0.7518573784423785       0.9603052189755772       0.24487696140671744      -49.90072369183391
0                         0                        167.7734716265802        0.683895163641347        0.9762779549324136       -0.4067778711011272      -61.803241974459105
0                         0                        170.00939627850838       0.7985052371233274       -0.5393273342789371      0.6472497945153179       -43.40708653083652
0                         0                        170.20665127787922       0.8068993276012018       -0.14436381213499772     0.556939298328075        -41.91228897641412
0                         0                        170.64356883443972       0.8245397729701169       0.4113917559529483       -0.3896328175005692      -38.89882236937551
0                         0                        172.6337528113653        0.8854740457072647       -0.061731983477681496    -1.148474035862229       -25.348045723309333
0                         0                        172.83879802878238       0.8905602236023957       0.08645541909800869      -1.1805006043934423      -24.262259351839457
0                         0                        171.331092996777         0.8479612648975232       -1.0031720072703934      -0.945008066986901       -32.24608651235326
0                         0                        171.74118343161103       0.8607398059318578       -0.7067972021186364      -1.0090612040496865      -30.07451376941421
0                         0                        172.6128320012936        0.8849425852216344       -0.07685157779628682     -1.1452063578057192      -25.458828753228914
0                         0                        171.28925137663364       0.8466074010531082       -1.0334111959073056      -0.9384727108743505      -32.46765257219198
0                         0                        173.93641262595366       0.9140010259817284       0.023498467346755092     0.9654672557511788       -20.98949699372156
0                         0                        172.58659553965427       0.8842728131051989       -0.09581282523265244     -1.141108413716566       -25.597760023328235
0                         0                        171.26896631217153       0.8459477031520906       -1.048071333078795       -0.9353043316487515      -32.575069106041326
0                         0                        175.88126572964012       0.9440137049222928       0.10715530898202275      -0.08807635864272356     -12.552513783835732
0                         0                        176.42658869410766       0.950418615167245        0.05940724337949277      0.011009315049733459     -10.937823730945997
0                         0                        174.90883917779686       0.9304073363392618       0.19230024109840826      -0.26476713875624114     -15.431848751803216
0                         0                        175.24031656621122       0.9353599731127894       0.16327633211399473      -0.20453739879505406     -14.450351039978202
0                         0                        175.46181533875833       0.9384880727807725       0.1438820674093435       -0.16429087236949158     -13.794497741908653
0                         0                        175.5318757121969        0.939447253525577        0.13774763419252878      -0.1515608394282708      -13.587050420845593
0                         0                        176.54422050646883       0.9516847652999942       0.049107491013426596     0.03238312128007692      -10.589518360185952
0                         0                        176.85369228148332       0.9548201317308215       0.022010376865672754     0.08861442147085086      -9.673178815868404
0                         0                        176.52054840734831       0.9514332595522774       0.0511802020771448       0.028081879553639055     -10.659610957548121
0                         0                        178.61110972355567       0.9696367461067184       -0.06311229757216097     0.08285421645298108      -6.919945501934777
0                         0                        178.98338889065136       0.9720951647603613       -0.04094421831578998     0.07219240847304587      -6.287447610188579
0                         0                        178.58338954823182       0.9694442712460292       -0.064762948744427       0.08364810236628273      -6.967041751203681
0                         0                        179.21510114086513       0.9735064335758736       -0.02714646657075548     0.0655563360393927       -5.89377124388659
0                         0                        179.47804619886267       0.9749974374892842       -0.011488897195420122    0.05802577842169043      -5.44703070740718
0                         0                        179.53907993506058       0.9753267256597689       -0.007854525946896729    0.056277816050322116     -5.34333511312542
0                         0                        177.97820662162803       0.9649168124048149       -0.07805134309944606     -0.11014467396377992     -7.916358782686359
0                         0                        177.60873654235084       0.9618675631185142       -0.13520428892900327     -0.14539899658751665     -8.590790874420618
0                         0                        177.72294413777288       0.9628389034052824       -0.16528231134208227     -0.1441642085731587      -8.419291216505307
0                         0                        177.30977977972077       0.959232183065879        -0.05647022423090675     -0.14863125295229906     -9.039718831735815
0                         0                        177.20444889648456       0.9582716914064956       -0.08940444417437732     -0.05898376730037569     -9.495678981520257
0                         0                        177.21074594364194       0.958329581173661        -0.030388404275868197    -0.1497019855363817      -9.188432837549833
0                         0                        177.77768831412038       0.9632975604045955       -0.17969988625998212     -0.14357232628606198     -8.337084709295574
0                         0                        176.99552382952896       0.9562449165765101       -0.042725525703019684    -0.1041372841600463      -9.906251667768885
0                         0                        176.9878962985212        0.9561692991687876       -0.04102135059763867     -0.10578576921257365     -9.92124104142755
0                         0                        182.43367856754708       0.9871590722054857       0.04026505680133141      0.06227143650369271      -2.9285572891031677
0                         0                        182.6900506145104        0.9878818504592997       0.02786298949860111      0.025734180093934356     -2.709953323695345
0                         0                        182.3281176951665        0.9868451803808338       0.04537159263190915      0.07731560651637892      -3.0185672007440587
0                         0                        181.8156473767759        0.9851576846788725       -0.16084930653993013     0.20243913964588955      -3.516064389073847
0                         0                        181.81619725003543       0.9851596179369695       -0.1608702599748284      0.2023423917774494       -3.515585410155893
0                         0                        181.81027908530416       0.9851387968688885       -0.16064474276954144     0.20338366776564953      -3.520740554711608
0                         0                        181.82510648288928       0.985190904535605        -0.1612097546304483      0.20077485003719175      -3.5078248314417237
0                         0                        181.5741880246746        0.9843425883323218       0.02908460709440419      0.034621210603624775     -3.556764761779391
0                         0                        181.71586844431943       0.9848267052036119       -0.10998236200128986     -0.05453279687759505     -3.350183275859223
0                         0                        180.6541539799474        0.9807069706430814       0.008196067661625506     0.04574550534026489      -4.346459494055267
0                         0                        180.83019619459287       0.981458830773096        0.012192946650650072     0.043616947714612664     -4.195356814366022
0                         0                        180.1268020666556        0.978295505820215        -0.003776979747510012    0.052121810811804004     -4.799102556960193
0                         0                        179.60797377120159       0.9756900715049359       -0.015556506136348958    0.05839505570902759      -5.244429525265161
0                         0                        179.8738651569994        0.9770541788602507       -0.009519683119926015    0.05518011582651816      -5.01620641990786
0                         0                        179.60632952251495       0.9756814471983036       -0.015593837313026881    0.05841493661124275      -5.245840836655077
0                         0                        179.88001615607138       0.9770850173038774       -0.009380030258860472    0.05510574300653559      -5.010926820100423
0                         0                        181.47588649218284       0.9839888057920027       0.026852759860702236     0.035809791859655604     -3.641140120309217
0                         0                        182.79032432987543       0.9881575027052458       0.06248710529814616      0.01986075820491351      -2.728442425332787
0                         0                        182.90407668109327       0.9884652168943118       0.06756914966177874      0.006045025408184301     -2.6818051127930147
0                         0                        183.29685359110164       0.9894724727615418       -0.12375846648870947     0.08584351123937495      -2.254276871389891
0                         0                        185.76040164871196       0.9939695149293297       -0.15704947180021023     -0.007454823852256709    -1.3965893285984876
0                         0                        185.8265629463854        0.9940611531071959       -0.15794353843139142     -0.009960453446686834    -1.3735551845498204
0                         0                        184.4293856733966        0.9918022391564092       -0.13906286919777244     0.04295278808513103      -1.859984316066857
0                         0                        184.56170826874356       0.9920453091706938       -0.1408510024598968      0.03794152889631164      -1.813916027969782
0                         0                        185.47307055208407       0.9935538598453164       -0.15316664068012642     0.003426844501049686     -1.496624033207894
0                         0                        185.56984159880335       0.9936970595643866       -0.1544743502740431      -2.3802313403820108E-4   -1.4629330641936207
0                         0                        183.85472348014088       0.9906758903271646       -0.13129720695735614     0.06471612479180067      -2.0600537252857976
0                         0                        184.04826557357953       0.9910680768170798       -0.13391262614550214     0.05738638952144015      -1.9926717872573363
0                         0                        185.6710135499813        0.9938432855595393       -0.1558415312199415      -0.0040695597560365115   -1.427709914421044
0                         0                        184.27911036347632       0.9915187983437358       -0.13703213303034545     0.0486439440492461       -1.9123028656928227
0                         0                        187.09141762402723       0.9955200045710484       -0.008562833857354235    0.02200049923237657      -1.1447991492647134
0                         0                        188.4259833484695        0.9966739037347022       0.0057660093659208655    -0.0412656292725444      -0.766191829571099
0                         0                        189.76054907291174       0.9975650712792349       0.02406884329846548      0.0025847260613147682    -0.5693250778552047
0                         0                        191.09511479735397       0.9981935072046448       0.008395980844710493     -0.009208684711595083    -0.44756731132497407
0                         0                        192.4296805217962        0.9986569399403125       -0.009791146696699116    -0.009089944684546936    -0.3083369329537504
0                         0                        193.76424624623846       0.9990164990092438       -0.00216860310039646     0.001289546267116748     -0.23050362370956634
0                         0                        195.0988119706807        0.9992721844114385       0.001797649671942736     -0.003670331016309092    -0.1843076362167153
0                         0                        196.43337769512297       0.9994576637641166       -0.008220567576557869    -3.125469054907626E-4    -0.12362382551210419
0                         0                        197.7679434195652        0.9996021526519441       -0.0038268486363506327   -9.884133396553807E-4    -0.09290936604377623
0                         0                        199.10250914400743       0.9997056510749197       5.668703029755306E-4     -0.0016642797738484205   -0.06219490657530615
0                         0                        214.91935239572976       0.9999663920679044       7.940027504105274E-5     -1.1310226182104088E-4   -4.993568626900924E-4
0                         0                        215                      0.9999664318296342       7.927780410454943E-5     -1.1215486685500764E-4   -4.8670416759222235E-4
0                         0                        214.87229155000531       0.9999663683940158       7.947174125888523E-5     -1.1365510160743497E-4   -5.067401757585799E-4
0                         0                        212.80919454017481       0.9999644929604748       3.6511346181100635E-5    -2.6021790631602926E-5   -0.0014448879013571059
0                         0                        212.83117587951676       0.9999645245955499       3.6810748603954835E-5    -2.7624987922081345E-5   -0.0014334694377566848
0                         0                        213.86745286626356       0.9999657311497835       5.092561946451468E-5     -1.0320529712082305E-4   -8.951632525615594E-4
0                         0                        213.9837000222544        0.9999658317001185       5.2508992946398436E-5    -1.1168372148073757E-4   -8.34777309485446E-4
0                         0                        213.63550992828294       0.9999655095501114       4.776638236947406E-5     -8.628866276438885E-5    -0.0010156487209087572
0                         0                        214.57201733060205       0.9999662329167327       6.0522316456257386E-5    -1.5459233046044574E-4   -5.291690117701364E-4
0                         0                        214.82493664117246       0.9999663501392858       6.396726741542125E-5     -1.7303886539821178E-4   -3.9778712149995954E-4
0                         0                        212.78658176815833       0.999964460154744        2.3462457619416455E-5    -1.3780220526804499E-4   -0.0014296617370561648
0                         0                        210.76508790022172       0.9999603692656382       2.297306234595453E-4     1.0581480552218636E-5    -0.0029620797430425228
0                         0                        210.8173063471276        0.9999605249651645       1.936796448660516E-4     -2.936281777010663E-5    -0.002993579421143977
0                         0                        210.71439428633275       0.9999602174606138       -3.3953516265228245E-4   -1.6687395753933743E-4   -0.0023569836732804106
0                         0                        201.83744263512287       0.9998397363577634       3.082028129028913E-4     0.003971914222461237     -0.03605496173361189
0                         0                        203.20490938068062       0.9998801709788274       -1.9624303149612388E-4   0.0018234439145317083    -0.026745333974488972
0                         0                        200.4699758895652        0.9997815630564609       -0.0017751461077892827   0.0033432314043562172    -0.04902688978708625
0                         0                        208.4430045070134        0.9999507216327056       3.0427766347429497E-4    -2.5463380525270196E-4   -0.006004265456144964
0                         0                        208.46794191272124       0.9999508708642222       2.972092940751736E-4     -2.536702966740023E-4    -0.005964222242770489
0                         0                        209.5786993966731        0.9999565050964797       -1.7628749503728613E-5   -2.1075388134761397E-4   -0.00418062456486723
0                         0                        209.62857420808874       0.9999567116071936       -3.176548807459767E-5    -2.0882686469292366E-4   -0.004100538138004595
0                         0                        208.64746595039387       0.9999519157097354       2.4632420203118954E-4    -2.467340138387897E-4    -0.005675951705612192
0                         0                        208.6823284941016        0.9999521126120384       2.3644260738109324E-4    -2.453870273093628E-4    -0.005619971212141195
0                         0                        209.987622283434         0.9999580803945388       -1.3353567226204177E-4   -1.9495429887683713E-4   -0.0035239970634393103
0                         0                        210.0573473708495        0.9999583222022971       -1.5329886122117387E-4   -1.922603256758748E-4    -0.003412036076838376
0                         0                        207.30730961735378       0.9999428670692901       -5.916896440254504E-4    -2.5068483211043713E-4   -0.007671172404535298
0                         0                        209.44600057645258       0.999955936194734        1.998399437752596E-5     -2.1588097498437264E-4   -0.004393705557674821
0                         0                        210.6466708767273        0.9999600541552909       -3.203393380886155E-4    -1.6949059151727397E-4   -0.0024657304680886227
0                         0                        205.93984287179603       0.9999291804276608       5.898277942861796E-4     -1.3207044393226397E-4   -0.012645769472399593
0                         0                        204.57237612623834       0.9999082817308396       -4.963557416317599E-4    -4.6527085544312285E-5   -0.01791979548755762
0                         0                        211.80669103910492       0.9999628415523599       9.413670056801493E-6     -2.1068846001526254E-4   -0.0018602336542414832
0                         0                        212.01836453365974       0.9999632282000932       2.7410297498420277E-6    -1.9215297991026503E-4   -0.0017776462893692724
0                         0                        211.25688183238935       0.9999617707799153       8.18935477298055E-5      -2.9240252285944734E-4   -0.002034835514820088
0                         0                        212.21579190521805       0.9999635703281616       8.066316651511585E-6     -1.7818514612338854E-4   -0.0016882162785736288
0                         0                        212.40688161928517       0.9999638846586413       1.322065507025627E-5     -1.6466569671003128E-4   -0.0016016570794317175
