% Model:              AluminaWithRodsOriginalRydberg.mph
% Version:            COMSOL 5.5.0.292
% Date:               Mar 10 2026, 10:25
% Dimension:          3
% Nodes:              568
% Expressions:        4
% Description:        Electric potential, Electric field, x component, Electric field, y component, Electric field, z component
% Length unit:        mm
% x                       y                        z                        V (V) @ Length=0.17      es.Ex (V/m) @ Length=0.17 es.Ey (V/m) @ Length=0.17 es.Ez (V/m) @ Length=0.17
0                         0                        0.40916645112843253      -0.4423642181893592      -0.2709040449150546      0.40420465485470913      10.301126967685036
0                         0                        0.426116785933653        -0.4425385266491455      -0.2692461471628125      0.403295554918742        10.26583666923198
0                         0                        0.15560794844856865      -0.43968535254306135     -0.29570438523108855     0.4178037973600084       10.829031303363774
0                         0                        0.12247741834033873      -0.4393254383701526      -0.29894485404929405     0.4195806922204568       10.898008483393646
0                         0                        1.1173656517644692       -0.44913736299315343     -0.159808981165952       0.39357461015717377      8.914088882947851
0                         0                        0                        -0.43797506281074655     -0.31092426560015163     0.426149542596427        11.153004310712667
0                         0                        2.0939034823205267       -0.4571783560970732      -0.6743288437004935      0.7750477899854076       7.454016341695809
0                         0                        2.495818402884621        -0.46004518361642105     -0.6985860354558966      0.7162426201384093       6.8118263661300915
0                         0                        2.0655083855596734       -0.4569660544331405      -0.672615084713641       0.7792023470879741       7.499386756084547
0                         0                        1.8141278724187118       -0.455030369712682       -0.6574432535652193      0.8159824540587124       7.901048991875989
0                         0                        2.5108900930729536       -0.4601476678753082      -0.6994956729445789      0.7140374437291825       6.7877444327193395
0                         0                        2.5262950075543937       -0.4602520429067012      -0.7004254218675285      0.7117835124460754       6.763130064980672
0                         0                        3.0136511193548743       -0.4633583411145566      -0.7298393352414445      0.6404772297876784       5.984419961136554
0                         0                        3.207652313727194        -0.4644892574810322      -0.5665073709145201      0.607306503032544        5.960788905309448
0                         0                        4.491133619202478        -0.47137150727170585     -0.4966221138170539      0.12502738380877432      4.703004914694034
0                         0                        4.892024114498686        -0.4731999521116213      -0.5647011833633258      0.010076613502826959     4.418911725232022
0                         0                        4.9834835254847425       -0.4736011392866711      -0.5802327853199927      -0.01614832789115006     4.354098525422586
0                         0                        5.201614010185965        -0.4745340416761107      -0.6172756202399228      -0.07869475275751725     4.199519193049497
0                         0                        4.473703743239572        -0.4712894268344399      -0.5579017735768446      0.09375827882325183      4.781538293873851
0                         0                        5.339103041336288        -0.4751047315625312      -0.6406239545688663      -0.11811816195462299     4.102086857202664
0                         0                        3.9320136131033188       -0.4685626593923137      -0.5615837465465034      0.313483953403761        5.286090006609385
0                         0                        4.151699416823973        -0.4697014618204053      -0.5600904994922615      0.22437283851936485      5.081465919212661
0                         0                        3.570479101554778        -0.46659068248231395     -0.5640411668040421      0.46013313531544675      5.622837617220206
0                         0                        3.4264332287857915       -0.465771072609331       -0.5650202745641373      0.518562437981009        5.75700766717064
0                         0                        5.420869273997635        -0.475413051160097       -0.4495132943532596      -0.32683291726661423     3.7554539998632777
0                         0                        5.801744419181745        -0.4768162819951942      -0.32493414539101195     -0.5796363035107106      3.695094887128377
0                         0                        6.509066611257515        -0.4791977351312999      -0.5489043260292874      -0.5683222580394585      3.038620420508309
0                         0                        6.56247330017939         -0.4793586941712821      -0.2684475071957877      -0.2579755543055029      3.3787036511960906
0                         0                        6.424428526793989        -0.47893722780417836     -0.5221040824082479      -0.569676095296245       3.117174072544671
0                         0                        6.328863029294572        -0.47863509539743876     -0.49184372584434755     -0.5712047231214683      3.2058695916463193
0                         0                        7.3806083803934195       -0.48184499189713786     -0.20742177161041297     -0.26240403598258055     2.699260210726308
0                         0                        7.4201980210108          -0.48195120381802237     -0.20446872999342247     -0.262618330666033       2.6663818728104687
0                         0                        7.435321734987862        -0.4819914344385285      -0.2033406329437213      -0.26270019378606335     2.6538219563544985
0                         0                        7.199046129495847        -0.4813412198406324      -0.22096473069327516     -0.2614212580516764      2.8500437223891986
0                         0                        6.647489295351186        -0.47964293679246073     -0.26210605604999415     -0.25843573720926827     3.3080997110260597
0                         0                        7.000118787753387        -0.4807578363389574      -0.23580297397539418     -0.2603444846565681      3.0152485653861234
0                         0                        7.870546043168639        -0.483067787580184       -0.040087444844743914    -0.10670986908965574     2.8858027675730398
0                         0                        10.097571119683735       -0.4887112422273522      -0.7361374924812978      -0.07652893378541492     2.182352689391319
0                         0                        10.144919705170508       -0.4888142194677279      -0.7509361517021915      -0.07588725955802289     2.167396698767977
0                         0                        8.913035703196032        -0.48590456586723        -0.3659144798319005      -0.0925819127785843      2.5565117144172937
0                         0                        9.005646566699868        -0.48613997205280884     -0.3948597290943461      -0.0913268382357586      2.5272587347992115
0                         0                        9.007732874169575        -0.4861452440041449      -0.39551179827349614     -0.0912985643238855      2.5265997331705066
0                         0                        9.174308167898491        -0.48656173082458243     -0.44757440967271833     -0.08904111414232929     2.473983620028136
0                         0                        9.69433067937633         -0.4878055486985821      -0.6101058951523202      -0.08199370100760017     2.309724187023553
0                         0                        8.812570110154802        -0.4856461303115542      -0.33451425827187364     -0.09394343564414243     2.5882457662807994
0                         0                        8.817439426462979        -0.48565872955419853     -0.33603614856570374     -0.09387744603228754     2.586707696066057
0                         0                        11.282106536171442       -0.49107471397093283     -1.9416988566135274      1.197607885216371        2.2886748313633802
0                         0                        12.81830310921305        -0.4931279697291088      -1.4217763670858936      -0.257134860319411       0.8918047935369349
0                         0                        14.35449968225466        -0.4938146889062398      -1.4620962331387055      -0.2998321294666937      0.0022463834829981317
0                         0                        15.890696255296266       -0.49313487150232554     -0.3115954472535236      -1.2554636925203937      0.022522831111245978
0                         0                        18.9631254661106         -0.49085550588387156     -0.4886609409237792      -4.902785156170523       -0.37943543488253795
0                         0                        20.499340071517768       -0.4905510059031717      -3.2535350596591783      -1.1663500722322624      0.7767724272531639
0                         0                        17.426910860703433       -0.491716794416923       0.47888530284494557      -4.79269728573693        -0.7418773426678129
0                         0                        22.03555467692493        -0.49211348936289434     -2.755936283600649       -0.12475723597631827     1.257427031888902
0                         0                        23.571769282332095       -0.49441436144641454     -2.258337507541823       0.9168356002798248       1.7380816365246687
0                         0                        25.107983887739273       -0.4974536221537325      -3.6122687731837573      4.813123978328122        -2.2916870334844646
0                         0                        28.18041309855359        -0.5038999747747746      -3.2963596321938127      0.6444485497950794       1.7134808760011833
0                         0                        29.716627703960754       -0.5062367981412119      -2.864707651910919       0.8309605146516787       1.7776046114360824
0                         0                        26.64419849314643        -0.5009722494456147      -3.520065098996227       0.7026816059495999       2.0981289327519885
0                         0                        31.252842309367924       -0.5071804710008414      -3.5367671791061603      2.1616218482545855       0.1227058649565933
0                         0                        32.78905691477508        -0.506613803225043       -3.1004117529289204      2.147329418887789        -0.8604514557144682
0                         0                        34.32527152018224        -0.5045367948138165      -2.9371046158012177      1.7660031821422422       -2.227475644138501
0                         0                        37.397700730996576       -0.4949922223105077      -3.2293120355640355      3.45949187080474         -4.064046490462807
0                         0                        38.93391533640374        -0.4880134940727807      -4.806867433427215       4.8918554887944765       -4.585274150089504
0                         0                        35.86148612558941        -0.5004999892241866      -3.474458028762797       3.972624220876412        -3.106523160798581
0                         0                        39.850734912170374       -0.4839356647569         -2.900995059963641       3.3958400589659377       -4.740029990311825
0                         0                        39.88709511644397        -0.4837628948979085      -2.8986646971083445      3.3702596198325914       -4.763209193464924
0                         0                        40.289099036437996       -0.4817965547998666      -2.8728998527799163      3.087438414280353        -5.019481970696191
0                         0                        40.489176332472425       -0.4807795107976203      -2.8600766932792467      2.9466783389335554       -5.147028896896403
0                         0                        40.75856486122069        -0.4793698289371591      -2.8428113056502085      2.7571558376015304       -5.318760919851641
0                         0                        39.71154583443809        -0.4845892499386558      -2.909915830985213       3.4937635388279773       -4.651298588112564
0                         0                        40.76755448793697        -0.4793219895031035      -2.842235151236274       2.7508313792097425       -5.32449170129509
0                         0                        40.77663313285381        -0.47927362406212226     -2.841653291554451       2.7444442939788267       -5.330279230795753
0                         0                        41.26680683050676        -0.4765842766496745      -2.810237555573252       2.3995931390392045       -5.642759205680269
0                         0                        42.22056776980879        -0.47154298291589686     -2.9996756386268197      2.515491446152576        -5.353258147422403
0                         0                        42.23012547996824        -0.4714918115554484      -3.0002340384244954      2.5163050845487813       -5.354612167714108
0                         0                        41.762600503176294       -0.4739797436331316      -2.9729193523641264      2.476505146495679        -5.288378907350332
0                         0                        42.0253909378796         -0.4725851165342892      -2.988272624552618       2.4988762358305525       -5.325607864404677
0                         0                        42.23139282054237        -0.4714850253244195      -3.000308081548665       2.5164129719961177       -5.354791709134201
0                         0                        42.78397504525243        -0.46850443367360006     -3.0325921535015077      2.563453749290204        -5.4330748473160355
0                         0                        41.74497477509179        -0.4740729331560469      -2.971889586569578       2.4750046857273524       -5.285881908269367
0                         0                        43.542559152625245       -0.4643422280676073      -3.2023738648560034      2.476788182760174        -5.692123170650973
0                         0                        46.48509287793724        -0.45010460650667666     -4.305541388308498       2.1686252828216865       -4.438276080902369
0                         0                        46.56466432950811        -0.4497523077467165      -4.347166857298731       2.1645135766015073       -4.417277020628234
0                         0                        45.01382601528125        -0.45692895615948453     -3.5320341732279843      2.2479484344798664       -4.8385584975482345
0                         0                        45.30201877166143        -0.4555458168993062      -3.683549294007392       2.2324105614389893       -4.760150904805073
0                         0                        45.7773080746026         -0.4533140979936522      -3.9334289823270163      2.2067854036817147       -4.630840610652299
0                         0                        45.89922007980214        -0.45275156472821443     -3.997523279575484       2.2002125345966155       -4.597672438855469
0                         0                        45.55729593721382        -0.45433952386995535     -3.817759296564965       2.2186473279754537       -4.690698541447006
0                         0                        44.85329935663657        -0.45770917920239096     -3.447638519505297       2.256603207323586        -4.882232422713884
0                         0                        44.54992754491953        -0.4592028306435857      -3.2881431273562356      2.2729594570567997       -4.9647697278205385
0                         0                        46.40461804074759        -0.4504626570301246      -4.26323236281587        2.172964072661351        -4.460170587689106
0                         0                        48.27514944776674        -0.4433654390356064      -5.096689149804572       1.4370308985229805       -3.050626257726117
0                         0                        48.39046405843745        -0.44301896948708497     -5.147219183902365       1.3879866941058197       -2.958491693698228
0                         0                        47.24693497263134        -0.4469244902055417      -4.646132952404912       1.8743385441878928       -3.8721534852189876
0                         0                        47.47756419397276        -0.44605270738509156     -4.7471930206004185      1.776250135353692        -3.6878843571633055
0                         0                        47.94284665302493        -0.444423284646567       -4.9510764520603034      1.5783618720995811       -3.3161309751309798
0                         0                        47.70890209539624        -0.44522093966847        -4.848563627317565       1.6778603193464292       -3.503049004845032
0                         0                        47.167704855707115       -0.44723378915552664     -4.611414884274115       1.9080357316286864       -3.935457105100582
0                         0                        49.303363922902115       -0.4406510940526975      -6.6808515867951925      2.5502126876303493       -3.004228234713594
0                         0                        52.409573415807465       -0.43942378720333913     -6.8725224745602205      -0.3422078205867458      -1.4005494068515674
0                         0                        52.58336857953736        -0.43923601373449245     -6.6049242624369775      -0.5056043160327515      -0.7603101339622071
0                         0                        52.28842290423127        -0.43962049940320197     -5.504955874062432       -0.1162431974197009      1.7404831997624228
0                         0                        51.67302231224253        -0.43881402452637236     -5.3737806879905445      0.1973188648137454       0.880492104219659
0                         0                        51.948471759964484       -0.4391095695032073      -5.432493879087083       0.05697045112493271      1.2654187282704044
0                         0                        50.48819311757234        -0.4387516755325757      -5.1212294358508075      0.8010191057812488       -0.7752465649009537
0                         0                        50.62591784143329        -0.43865815839175165     -5.150586031398973       0.7308448989368808       -0.5827832528756574
0                         0                        51.3150584509257         -0.438588373436912       -5.297479207740945       0.3797104452261877       0.3802557748007871
0                         0                        51.48411647685957        -0.4386726287078351      -5.333514626454376       0.293571133793811        0.616505786298843
0                         0                        51.2934032437882         -0.4385804665848561      -5.292863310612002       0.39074431730320747      0.34999372183438027
0                         0                        50.29838358334515        -0.43892399813468785     -5.0807707471614805      0.8977318320260546       -1.0404957560936055
0                         0                        50.39374019988083        -0.4388311334020504      -5.101096405082785       0.8491452402713131       -0.9072397238613803
0                         0                        53.833092667476684       -0.4418444046128682      -6.878370141666858       -2.0914041180585485      2.716512111753712
0                         0                        53.87012292907623        -0.4419456882990917      -6.8640436531374895      -2.131710082646677       2.7538076671757743
0                         0                        53.97859655855802        -0.44225032922493035     -6.822076728212053       -2.249779307107275       2.863058428186225
0                         0                        52.6020166417744         -0.43926337464742626     -7.354656179065047       -0.7514269060752969      1.4766163572530275
0                         0                        52.83453775550899        -0.4396339458327875      -7.264697023367127       -1.0045168755039313      1.7108033089376855
0                         0                        52.893024423937064       -0.4397357276171848      -7.242069352155408       -1.0681772841725987      1.769708990118123
0                         0                        54.137356266563664       -0.4427175601535457      -6.76065482522157        -2.422582924810058       3.02295552944749
0                         0                        54.23723532196509        -0.44302451374382523     -6.72201302039155        -2.5312972977635866      3.123550142753462
0                         0                        53.41030195075122        -0.44078590481664065     -7.041941936514377       -1.6312132654855276      2.29069241925248
0                         0                        55.06416869317896        -0.4459518405160459      -6.516560521354471       0.19991253934424336      4.340654059582647
0                         0                        57.62212564235464        -0.4573716149212235      -4.000293554073124       -4.785883571469512       4.398870836430941
0                         0                        58.58344696342484        -0.46157666443376855     -3.7479094814248852      -4.77962937868476        4.349607784356735
0                         0                        57.032732324905325       -0.45477004896153        -4.155032123362309       -4.78971806400866        4.429074383417079
0                         0                        57.5067885930971         -0.45686392129114556     -4.030573995774473       -4.786633934668009       4.404781300434125
0                         0                        58.64815040149343        -0.4618579917418688      -3.73092232337878        -4.7792084291366805      4.346292047184203
0                         0                        58.715277602312185       -0.46214963070405646     -3.713298833753821       -4.778771711001198       4.342852103934208
0                         0                        56.8561595473362         -0.4539871961363879      -4.201389315016058       -4.790866816426046       4.438122881297685
0                         0                        56.34314716776681        -0.4517036407637852      -4.336074930363301       -4.794204387592359       4.4644122759210205
0                         0                        56.84551763760545        -0.4539399631315485      -4.204183228413953       -4.7909360508782015      4.438668227522424
0                         0                        58.90110411694249        -0.46295576298836016     -3.6093655487749974      -5.236357398658767       3.804560415653084
0                         0                        60.24579030436006        -0.46775846152867273     -3.6378268345243114      -4.944915504448369       2.9541495450611137
0                         0                        60.351114644359484       -0.46806981913398715     -3.7178620450989897      -4.851177162918887       3.589743953991679
0                         0                        60.098252023162544       -0.4673230308193053      -3.8017681165015844      -5.016319154814294       2.9484637405662397
0                         0                        59.03681737509882        -0.46346968452917914     -3.5737894298066064      -5.201146864558082       3.7690775295363936
0                         0                        59.81786986064469        -0.46633378256097324     -3.3690429184946424      -4.998504355268338       3.5648675888697596
0                         0                        60.04870821683639        -0.4671497247490135      -3.3085305342670495      -4.938613804243101       3.5045137869245053
0                         0                        61.5290814717611         -0.4716281735189723      -3.3950559148917905      -4.42332363554163        2.451774876949018
0                         0                        61.661228538113654       -0.47194373342739326     -3.3588427702468993      -4.375326028854996       2.3241148515280567
0                         0                        62.90526889869154        -0.4740874828188332      -3.01793006771738        -3.9234736981345364      1.1223157617749173
0                         0                        62.97134243186779        -0.47415952944932177     -2.9998234953949385      -3.8994748947912115      1.0584857490644666
0                         0                        61.25708552704782        -0.470925565820472       -3.469592783250423       -4.522116251488651       2.714535225512929
0                         0                        61.46373860263064        -0.47146590515724346     -3.412962258457606       -4.44705705179415        2.514899035241048
0                         0                        61.970093196830945       -0.47261549128351643     -3.2742025215413477      -4.2631421959657345      2.0257376625991554
0                         0                        62.73219195108107        -0.47387876658789785     -3.065359501540584       -3.9863375927878053      1.2895158982711905
0                         0                        61.00677851670744        -0.47021583552246937     -3.5381860878258706      -4.6130311523247975      2.956343085385079
0                         0                        60.88009669813783        -0.4698335689214748      -3.5729015540586797      -4.65904370689654        3.0787234349860206
0                         0                        64.28145632562196        -0.47471720719977356     -2.7122621014973305      -0.5243493630529485      -1.6083973663683935
0                         0                        66.43440383682797        -0.4727271070744795      -0.5838424354275418      -1.7424007647086626      -1.8579940198494374
0                         0                        66.51297951682687        -0.4725784364944047      -0.5593494305188216      -1.7099375281170524      -1.9261432622466321
0                         0                        66.4077402795739         -0.47277633950047127     -0.592153793836701       -1.753416709687329       -1.834868528266039
0                         0                        65.34459830259792        -0.4742369193026127      -0.9235482108014708      -2.192649682658768       -0.9127979805778175
0                         0                        66.2027990444718         -0.47313416587998214     -0.6560364949148436      -1.8380873839037264      -1.6571215471600782
0                         0                        66.31198022336446        -0.47294807001602757     -0.6220033799534121      -1.792979604476173       -1.7518151549744463
0                         0                        66.34630548195297        -0.4728874275671041      -0.6113037750996995      -1.7787982573895817      -1.7815856942548915
0                         0                        65.31388090378745        -0.4742645489046997      -0.9331232014329771      -2.205340456509944       -0.8861565635722162
0                         0                        67.37873006011846        -0.4705858431869865      -0.3450410600577314      -1.4245879419409135      -2.9610450237690173
0                         0                        66.33792194281914        -0.47290233308170515     -0.6139170272555248      -1.7822618839771138      -1.7743145915347514
0                         0                        69.12800168783372        -0.46506390163157096     -0.4952985413264521      -1.0408045969315651      -3.352373050275215
0                         0                        69.15441741730537        -0.46497526820090607     -0.49756757771475435     -1.0350090893289305      -3.3582824900210113
0                         0                        68.23965130511802        -0.4679537116508114      -0.41899175804818256     -1.2357051921377575      -3.1536409628131246
0                         0                        68.26657373871191        -0.46786872688727416     -0.42130431888625175     -1.2297985156349682      -3.1596637568949646
0                         0                        68.23604024043561        -0.4679650981937534      -0.41868157781355464     -1.2364974455882347      -3.1528331346899847
0                         0                        68.21374227976861        -0.46803534432899807     -0.41676624610967394     -1.2413895308401877      -3.147844877403653
0                         0                        68.18992082719473        -0.4681102670932856      -0.414720050763421       -1.2466158642506002      -3.1425158010746124
0                         0                        68.1232407617777         -0.4683193129212364      -0.40899242189112606     -1.2612452094853452      -3.127598861936278
0                         0                        68.29609208271341        -0.46777536138303855     -0.42383986108031024     -1.2233223065542589      -3.1662672798247193
0                         0                        70.04226109589881        -0.46190546712788166     -0.6774076947728602      -0.8141145634366858      -3.617180995079792
0                         0                        68.27378324571286        -0.4678459414554346      -0.42192359513019895     -1.2282167780311681      -3.1612765894031476
0                         0                        72.05894064533811        -0.4553978073502383      -1.5068060505397405      -1.3531239857738298      -3.004654334987185
0                         0                        72.13759628375733        -0.4551621561995061      -1.5162603434446709      -1.3898917028317932      -2.9873166277563143
0                         0                        71.35077149824504        -0.45758088292852084     -1.421685152949017       -1.0220890675812804      -3.1607528625559063
0                         0                        71.16205862862793        -0.45818128262785063     -1.399002141531838       -0.9338749034764575      -3.2023499883292494
0                         0                        72.28185616135707        -0.4547334998961493      -1.5336001701202804      -1.4573262373291733      -2.955518074299139
0                         0                        72.44744880061462        -0.45424710999288476     -1.5535041636025824      -1.5347328089299879      -2.9190172365114506
0                         0                        72.56017620813505        -0.4539194572722477      -1.5670538334103128      -1.5874274346134136      -2.894169243058453
0                         0                        72.69786574114079        -0.4535230499188132      -1.5836039142581342      -1.65179064992941        -2.863818960993722
0                         0                        73.40165369408618        -0.45156211893277765     -1.6681981987087084      -1.9807775711819176      -2.7086861602690107
0                         0                        73.4857080381958         -0.451274450915063       -1.3511460248057574      -1.7529483295368422      -3.3858938041587265
0                         0                        74.35767320726299        -0.4495148791696422      -1.0176118338343372      -1.9434315218167768      -1.7526488906405082
0                         0                        74.47952765371343        -0.44930582866194685     -1.0258360824487482      -2.026552603963296       -1.6785021881241278
0                         0                        75.01416958215727        -0.4484953964142344      -1.0619203474658292      -2.3912501340707166      -1.3531801569972366
0                         0                        74.14393243881398        -0.4499033910629667      -1.0031859571431028      -1.7976316393357195      -1.8827071169544434
0                         0                        74.22527329813886        -0.44975226302134413     -1.0086758466719346      -1.8531170192028412      -1.8332123576372945
0                         0                        75.03061325684904        -0.4484732274255237      -1.0630301704778589      -2.402466926519935       -1.3431744141526627
0                         0                        74.2581606475224         -0.44969230258840504     -1.0108954926961502      -1.8755506041011358      -1.8132008719481845
0                         0                        74.0661714351176         -0.45005163194606623     -0.997937680649855       -1.7445882013298473      -1.930023584891455
0                         0                        75.80306586617566        -0.44761722542641885     -0.34235843678645494     -3.5090907190949565      -2.0121703588268893
0                         0                        73.9711911945485         -0.450237690700619       -0.9915272365942798      -1.6797989334074686      -1.9878177142609497
0                         0                        78.4914414256382         -0.44723318457251804     -0.36884020819814367     -4.604612863381419       0.514506703122521
0                         0                        79.83562920536946        -0.448366585220384       0.4007967708342619       -4.831202567483519       1.4615414264369662
0                         0                        77.14725364590694        -0.4469833979745295      -1.5850002375447048      -3.9371378926169633      -0.14285238256591135
0                         0                        81.17981698510076        -0.45049285775162845     0.9167155654164816       -5.777315223290003       1.8616528920871722
0                         0                        82.52400476483201        -0.4533714073556739      1.4094351201223425       -6.699477572430766       2.4213046640675433
0                         0                        83.86819254456329        -0.45700223403252027     3.88654229018357         -6.488833759490731       -4.02401079451073
0                         0                        86.62823371021234        -0.4652933673988315      0.01770386850080996      -8.767096033143769       3.032874385308162
0                         0                        86.89565705486221        -0.4661051772575624      -0.12011681491112114     -8.906408540001705       3.038471852573453
0                         0                        85.24821312738781        -0.46112786951883045     0.7289184413965444       -8.048183003465581       3.003989023606323
0                         0                        85.38192479971276        -0.4615297250264999      0.6600080996906001       -8.117839256894598       3.0067877572388966
0                         0                        87.0719325878323         -0.46664111069963427     -0.21096308883909032     -8.99823816851805        3.0421614950268943
0                         0                        87.38743519714684        -0.467601962350431       -0.3735621517253378      -9.162597265445108       3.0487653146375493
0                         0                        85.49971772604167        -0.46188404856666154     0.5993017255740796       -8.17920273987145        3.0092532938587055
0                         0                        85.62781387085508        -0.4622696940377059      0.5332854312834456       -8.245933619616174       3.011934488270981
0                         0                        88.00825429303686        -0.46949872767252354     -0.6935107043948605      -9.486009062821942       3.0617597470100577
0                         0                        88.08307584083143        -0.46970092743731584     -0.5488701879387783      -9.39526779351861        2.672564376419089
0                         0                        88.36995946853469        -0.4704347941987443      -0.6847678444335585      -9.557319433059234       2.443564189744677
0                         0                        88.83477721371501        -0.4718217213685576      -0.7457473948376503      -9.646328745414124       2.701538503810336
0                         0                        90.53042166191779        -0.47561458109611515     -1.5604330141467528      -9.920201624910923       1.7721113012271381
0                         0                        90.79227605501299        -0.47605982434151495     -1.6862430025754094      -9.962495171014874       1.628582039348803
0                         0                        89.12752410088463        -0.4725891009442739      -0.8863999233363558      -9.69361190848388        2.541076255551074
0                         0                        89.65123288707493        -0.47384471737016437     -1.1380199001936688      -9.778199000691753       2.254017731794475
0                         0                        90.86111325020684        -0.47617063269688        -1.7193163706728711      -9.973613445771198       1.5908505669103565
0                         0                        90.90047188653895        -0.476232821854011       -1.7382265349172599      -9.979970476029992       1.569277065872262
0                         0                        89.74230177718572        -0.47404771530912054     -1.181774659759185       -9.792908039012664       2.204100484185302
0                         0                        89.86762455012698        -0.4743196349138584      -1.2419869648774835      -9.813149610722093       2.1354077848412647
0                         0                        91.93331922295093        -0.47756128218901517     -4.953729239366837       -6.6907953997396135      1.4592844453677225
0                         0                        94.62169478241341        -0.4782128826441994      -4.861614523344642       -5.988565299827684       -0.2326067516358037
0                         0                        95.96588256214469        -0.47758098180085584     -4.209774685579475       -6.06356205411474        -0.4458020820223112
0                         0                        93.27750700268217        -0.4782063161069193      -4.41008405956272        -6.965652297503283       0.242377019419979
0                         0                        99.19958790304204        -0.47485010146793233     -2.028600747495517       -4.402780912207504       -0.04895882591601719
0                         0                        99.35028807817636        -0.47485290645203865     -1.955502592198286       -4.3420606806487         0.08618484909305124
0                         0                        99.11919260431507        -0.47485693562677755     -2.0675970394790966      -4.435173848384181       -0.12105506677090716
0                         0                        97.0169859095348         -0.4769542503567659      -3.896706001620305       -5.709688694603361       -0.7300646693115225
0                         0                        97.10819523973089        -0.47688660263097293     -3.8776782595335355      -5.6709810853164955      -0.7532863354068589
0                         0                        97.12858259979959        -0.4768711922002023      -3.873425126346568       -5.662329054145585       -0.7584769060103653
0                         0                        98.06808925692494        -0.4760462349654067      -3.677428836030529       -5.26361922338274        -0.9976729382491669
0                         0                        98.20565871780627        -0.47590657646306134     -3.648729620554974       -5.205237203361719       -1.0326977770307053
0                         0                        98.29128263745442        -0.4758172195464988      -3.630867085483075       -5.168899942467142       -1.0544974116467358
0                         0                        97.34419345501104        -0.47670173847668856     -3.828445213268953       -5.570827661430631       -0.8133708875303256
0                         0                        98.72250434787742        -0.47533882589240894     -3.540907259327682       -4.9858971570371295      -1.1642853746868695
0                         0                        99.43262387434066        -0.4746509161406234      -2.1313038312021746      -5.442049511353318       -2.4231561107219193
0                         0                        99.55845820538302        -0.47435178741679307     -7.790866862748004       -2.0179173383857574      3.365163241469581
0                         0                        99.94214891377246        -0.4756020694463431      -5.013956511729845       -2.6320170461409873      -2.349942805912491
0                         0                        100.34778199828028       -0.474672790555549       -5.77684580704144        -2.090937110851968       -2.2319265054707564
0                         0                        102.27306229650218       -0.47260460628950696     -4.577083066077652       -2.668337193122695       -0.48731024068509043
0                         0                        102.29102509208406       -0.4725958431955204      -4.577441091545783       -2.6507292743417405      -0.48838354223754266
0                         0                        103.23593977172598       -0.47210768750326926     -4.596274658907269       -1.7244825296075987      -0.5448434840084815
0                         0                        102.23879796738036       -0.472621268572605       -6.182453896123825       -1.0236507254340879      -0.9874463441153267
0                         0                        102.26439734485197       -0.4726088265660734      -4.576910360589867       -2.676830958149488       -0.4867924979976124
0                         0                        103.44607573382052       -0.4719918770693956      -4.600462983930058       -1.5184980581680563      -0.5573993945466498
0                         0                        103.59438125286674       -0.47190855456136815     -5.119866259400936       -1.286289139479539       -0.9168094752745191
0                         0                        104.34269776537879       -0.471373957534298       -4.9175848384187475      -1.1349760939257862      -0.8141442895609075
0                         0                        101.17892420509082       -0.4737257151115096      -5.810240751337665       -1.9610908900255168      -1.0966632511989083
0                         0                        101.57252815590307       -0.47330204636043266     -5.948469066392504       -1.6129549463295785      -1.0561035094135143
0                         0                        101.70872921596373       -0.47315915974222583     -5.9963010126979235      -1.4924874447235545      -1.0420683865049014
0                         0                        100.77230417643342       -0.4741801592492322      -5.667441368067145       -2.320739331333776       -1.138564261930938
0                         0                        104.74700998720417       -0.4710862688435521      -4.71101395880703        -1.2481950336116654      -0.7061206085936647
0                         0                        105.03391519394404       -0.47084948818526373     -4.561659676599334       -0.6371277017394732      -0.887806628152731
0                         0                        104.42963875502066       -0.47130144013624276     -4.873950170682633       -1.1635050339988595      -0.6498390428850769
0                         0                        106.85611971735251       -0.4712529861530621      -5.243801986158438       0.16394296629028204      0.3517575964627824
0                         0                        107.05368678446544       -0.47132527348244113     -5.254093340169722       0.2802751838136164       0.3800174957659106
0                         0                        105.6486668549789        -0.47093252713111233     -5.180905244104501       -0.5470341772572738      0.179044113377671
0                         0                        106.04380098920474       -0.47101444002268444     -5.201487952126918       -0.31436974221034575     0.2355639119839168
0                         0                        106.83508682088267       -0.4712456193110612      -5.2427063734805195      0.15155829346479877      0.3487490609564219
0                         0                        105.60660106203927       -0.4709251220549437      -5.178714018748785       -0.5718035229081977      0.17302704236493582
0                         0                        108.06357257972608       -0.47178198856453335     -5.9298422875568235      1.197602323712431        -1.4411990193167412
0                         0                        106.80752340150184       -0.4712360609310087      -5.241270583038627       0.1353282924531385       0.34480640255928563
0                         0                        105.58472952834255       -0.47092137190063466     -5.177574721094921       -0.5846820054040336      0.1698985485885487
0                         0                        111.30831686875848       -0.4729127720900178      -6.347680286184605       -0.857494286529942       0.2961470955124952
0                         0                        111.88857804087833       -0.47310130178305826     -6.030361317458493       -0.8348785647726018      0.43388918532618703
0                         0                        109.14515400940357       -0.4721624811214714      -5.405590605844509       -0.38024025727609256     0.3501448795176998
0                         0                        109.33616460463497       -0.4722293069140129      -5.487757083169839       -0.41841948392358574     0.34956282476338174
0                         0                        110.22673543908103       -0.4725394089632996      -5.870851372710376       -0.5964269169291754      0.34684904342798717
0                         0                        110.60875662954388       -0.4726716902905306      -6.035184327360781       -0.6727853702244637      0.34568493391941324
0                         0                        109.36536814913828       -0.47223951408810866     -5.50031948775441        -0.4242566928132234      0.3494738346112882
0                         0                        110.66716371855037       -0.47269187554357844     -6.060309136529909       -0.6844597880036645      0.34550695361527595
0                         0                        109.65239875993913       -0.47233969825056804     -5.623790618481053       -0.48162841468692363     0.3485991840117322
0                         0                        111.2412249401522        -0.47288971558445114     -6.30725139798308        -0.7992032317511644      0.3437576524160679
0                         0                        111.98441334972468       -0.4731435799628134      -6.04012881979647        -0.8835301614138942      0.4484198563862023
0                         0                        112.33205069028124       -0.47330862929470324     -6.078547076514781       -1.0523872001944028      0.6091575272391765
0                         0                        111.89729673811371       -0.47310509049429583     -6.0312499241387325      -0.8393046843963319      0.43521112525752415
0                         0                        112.48311391660802       -0.4733901152197296      -6.06312046478115        -1.1169234673974984      0.4696745221924914
0                         0                        112.55779978539962       -0.4734226180786313      -6.055493526525822       -1.1488302874875558      0.40071393087694673
0                         0                        113.4258230735666        -0.47346731710110945     -5.945951867848688       -1.4490203667657733      -0.15692312980415224
0                         0                        113.44554971040212       -0.4734641281002976      -5.946266855275383       -1.455766508753808       -0.16639613017799704
0                         0                        113.47434122335251       -0.4734591382671136      -5.946726587192664       -1.465612669355548       -0.18022220784239806
0                         0                        113.12284254617549       -0.4734928206192812      -5.9411139901381205      -1.345406675570528       -0.011427743378512822
0                         0                        113.39943541639461       -0.47347129074644795     -5.945530519785386       -1.4399962800195647      -0.14425141650907491
0                         0                        112.89846055578562       -0.47348329607398776     -5.937531143942337       -1.2686722185338817      0.09632355232288603
0                         0                        112.88447389978437       -0.4734819018583273      -5.937307810344183       -1.2638890429672869      0.10304013552137548
0                         0                        113.51731874261573       -0.4734549388257773      -5.9274445814096985      -1.5552687079328749      -0.08291851623788382
0                         0                        113.53120216985259       -0.4734538539820675      -5.925399822806732       -1.5622707273440781      -0.07336043297201833
0                         0                        113.94603504539376       -0.4734826583085316      -5.864303014604491       -1.7714890851311615      0.21223238918615062
0                         0                        113.99263886501858       -0.4734932967792576      -5.809720742662872       -1.8266640646447847      -0.23146640627498982
0                         0                        114.01253123574557       -0.47348858381969416     -5.807449598122812       -1.8438376290636587      -0.24237953479257612
0                         0                        114.28902055325216       -0.47340059890152086     -5.77588235998488        -2.082537539219701       -0.39406399197081043
0                         0                        114.3979820966173        -0.47335440436976556     -5.992817248434164       -1.5452181523350959      0.24479092679514736
0                         0                        114.54635493018331       -0.4733883610336117      -5.981783902273946       -1.6102914571103781      0.2129298436434226
0                         0                        115.12132831246932       -0.4734752946623726      -5.9390275552578515      -1.8624630793938124      0.08946199374965857
0                         0                        115.91360757117623       -0.47347877776154845     -5.880111842004838       -2.2099406359641014      -0.08066938902676934
0                         0                        116.31990084031852       -0.47342827859035663     -5.849898937301866       -2.388132593990278       -0.16791543886630222
0                         0                        115.21952893297082       -0.4734830444941268      -5.931725130594927       -1.905531872739843       0.06837472285131696
0                         0                        115.35894146846792       -0.4734904899925373      -5.921358092868033       -1.9666753731626088      0.038437743964472304
0                         0                        115.54944857907356       -0.4734939159420948      -5.907191544674575       -2.0502279142333357      -0.0024711120984939328
0                         0                        117.28086021216909       -0.4731677701632238      -4.280833363484206       -2.921151054835377       0.4387379184885276
0                         0                        115.45894712197395       -0.47349326017965704     -5.913921441787089       -2.010535817244236       0.016962866350922923
0                         0                        118.7829070972124        -0.4722939933431305      -5.737561358956658       -2.216244001732962       -0.5247763303799289
0                         0                        118.8352706167471        -0.47226661816375803     -5.756906445418391       -2.2456978616456738      -0.520805770133741
0                         0                        120.28495398225573       -0.4715912928584398      -6.29247491555099        -3.06112759488083        -0.4108808607342951
0                         0                        120.38968102132517       -0.4715486783475032      -6.331165088474499       -3.120035314706172       -0.40293974024180557
0                         0                        118.75041072348083       -0.4723110867080026      -5.72555595586073        -2.1979651761678625      -0.5272404277292857
0                         0                        120.21996123479254       -0.4716181572829159      -6.268464109359186       -3.0245699437502083      -0.4158090554328737
0                         0                        119.6309715719393        -0.47187621701828764     -6.05086880533398        -2.69327023025037        -0.4604702806816192
0                         0                        121.2568024546404        -0.47122778774718915     -6.6515129040797945      -3.607780856852713       -0.33718866158318406
0                         0                        121.6895117461042        -0.47108898188796383     -7.039680599009088       -3.6874747045189338      -0.05787434575296402
0                         0                        121.75595466301225       -0.4710870109890356      -7.016154424662631       -3.639549716984817       0.016713852428381415
0                         0                        121.87431083827859       -0.4710862454817247      -7.227610694232368       -3.7810147750687406      -0.029649507186974233
0                         0                        121.89791398936018       -0.4710467557610145      -5.792232943803526       -3.2322151709184936      -1.2693208996709018
0                         0                        122.03882607861284       -0.4708565091509015      -5.234240028724798       -3.819084408918613       -0.41467771190511904
0                         0                        124.21827003403821       -0.47036239006916636     -6.161147989888406       -3.1139668157206444      -0.0387582027969513
0                         0                        124.24359995324203       -0.47036146366034653     -6.171920693498095       -3.105771802666837       -0.03438919355068748
0                         0                        123.09055317751982       -0.47051577629359753     -5.681534953892196       -3.4788181319002973      -0.23327147122034653
0                         0                        123.14121301592742       -0.4705041801318629      -5.70308036111166        -3.462428105792654       -0.22453345272787573
0                         0                        124.18510630874822       -0.47036377028740123     -6.147043602888004       -3.124696307570929       -0.044478419322938834
0                         0                        123.02422572693968       -0.47053162800295556     -5.653326179891337       -3.5002771156010226      -0.24471190427227452
0                         0                        124.15698272928071       -0.4703650893916943      -6.135082767813799       -3.1337951562095014      -0.049329290647870394
0                         0                        122.9679785680048        -0.470545665200059       -5.629404509742471       -3.518474812877784       -0.2544136469222318
0                         0                        125.3459868905567        -0.4704283597363524      -8.049999790621996       -0.6258025253647475      0.6986646664848095
0                         0                        128.18882412689692       -0.4708592390986033      -6.62306482384183        -3.240477637012404       -0.06637259729875744
0                         0                        128.24180363836308       -0.4708555075320727      -6.624113020317893       -3.2602574126939317      -0.07449569035381653
0                         0                        128.15632157245636       -0.47086131538997095     -6.6224217627397906      -3.228342884952397       -0.06138913733585305
0                         0                        126.76824784926649       -0.4707988184971613      -6.5949588068747005      -2.710108833445844       0.15143751411220796
0                         0                        126.79389526445992       -0.47080265205008415     -6.595466239455419       -2.7196842354322825      0.14750511959839674
0                         0                        126.75115423150655       -0.470796207482003       -6.59462061066634        -2.703726971561508       0.15405839610732386
0                         0                        128.0802152021845        -0.4708655434509023      -6.620916002740913       -3.199928751068313       -0.04972011452513936
0                         0                        126.71310104637057       -0.47079023405846293     -6.5938677306669575      -2.6895199046194165      0.15989290751271978
0                         0                        129.44732935799843       -0.47065428791367064     -6.647964274815024       -3.7103375975175084      -0.2593331365629328
0                         0                        129.55571088148608       -0.4707786748106266      -6.688177367537119       -4.747037831011056       1.0629881531134089
0                         0                        129.58643486658596       -0.47081059644086704     -8.24588660315392        -5.179561383558507       -0.3540218941739397
0                         0                        129.60245696301064       -0.4708049883024658      -8.27673983672229        -5.026463964043479       0.13237630140481826
0                         0                        130.79044277070827       -0.4708489087316347      -8.600867951480193       -5.929795200715873       -0.05843530163133437
0                         0                        130.87200916498853       -0.47084360807369147     -8.623122393776072       -5.991817382579265       -0.07153631205213884
0                         0                        132.10077816982627       -0.47063445025004985     -8.958377729681878       -6.926159710183356       -0.2688984202987683
0                         0                        132.1415613669664        -0.47062335013749146     -8.96950495082974        -6.957170801115112       -0.2754489255091528
0                         0                        130.7776581781839        -0.4708496426770068      -8.597379824058104       -5.920073938306402       -0.056381869193089074
0                         0                        132.09438587356408       -0.47063616584687984     -8.956633665970918       -6.921299078978606       -0.26787170407948224
0                         0                        130.3743923813168        -0.47085931946221227     -8.487353440208892       -5.613435097479157       0.008389774248644954
0                         0                        131.7330371685369        -0.4707224747788753      -8.858043873254537       -6.646533530040948       -0.20983268945963118
0                         0                        133.41111356894427       -0.47014421449386573     -6.034595176918629       3.878741078652638        4.394817385300243
0                         0                        138.15211038215563       -0.46765681662523817     -6.6674036348272505      -5.235055055865217       -2.6555987509025227
0                         0                        138.34231005271857       -0.46714145675114666     -6.442257923913535       -5.14555316804899        -2.76354706113952
0                         0                        138.09451080812266       -0.4678088364944244      -6.735586176918924       -5.262159575016664       -2.6229079651152274
0                         0                        138.42782828453596       -0.4669030477325704      -6.341027132915849       -5.1053110205852175      -2.812083152667765
0                         0                        138.42986147579907       -0.4668973290565799      -6.338620376421443       -5.104354265740149       -2.8132370955774872
0                         0                        137.7125821147406        -0.4684937539103069      -6.175139065736852       -5.210176832992862       -1.3504220957901154
0                         0                        137.8964498110832        -0.46820625142887184     -6.285479823967563       -5.2380895746780025      -1.7768535176406886
0                         0                        137.4398125389272        -0.4687758288689018      -6.011447441725476       -5.168768000116308       -0.7178067948678084
0                         0                        137.25606192185688       -0.4689327951562137      -6.019152577212522       -5.299261393515636       -0.8296437712861007
0                         0                        135.33358774540062       -0.4700331343536046      -5.97817549262437        -5.430651465984013       -0.3150677789299152
0                         0                        136.00331794814383       -0.46976209526813745     -5.992450634264861       -5.384879251745602       -0.49433004830549265
0                         0                        137.22834001469627       -0.4689556916135992      -6.018561691286171       -5.301156026710345       -0.8222236311031992
0                         0                        136.68837141992955       -0.46936064576631953     -6.007052387778405       -5.338059780043437       -0.6776937961145144
0                         0                        135.28004627384635       -0.4700496198922287      -5.9770342687600095      -5.434310718167424       -0.30073668611490234
0                         0                        135.0497424944369        -0.47011178227667644     -5.972125397907314       -5.450050659248021       -0.23909279134414874
0                         0                        136.09691288226622       -0.46971465611253393     -5.994445588256708       -5.378482575354457       -0.5193819874656498
0                         0                        134.75401322560532       -0.4701707846541887      -5.965821998146456       -5.470262056903493       -0.15993688701973952
0                         0                        138.61160222372644       -0.4667811033001263      -7.3796612983333265      -5.243420146726305       -0.6732310513997364
0                         0                        138.69096522437724       -0.4667265051517784      -7.439812696769803       -5.222131306701275       -0.702678324511747
0                         0                        138.4673769160113        -0.466874341209661       -7.270348975489556       -5.282108067776607       -0.6197169202411195
0                         0                        138.43119646318024       -0.4668965199946056      -7.242926816347375       -5.291813344366833       -0.606292331111484
0                         0                        141.20532649826345       -0.46019363590097795     -5.32802284085918        -3.9276276010436675      -3.838190351126336
0                         0                        141.315922542384         -0.45976311522171787     -5.275353220301528       -3.874703437261246       -3.947272188399598
0                         0                        141.17164109588623       -0.4603223673020083      -5.344064982109798       -3.9437472712061066      -3.804966146682041
0                         0                        139.75480116980341       -0.4647234197972314      -6.018812635980169       -4.6217558645301295      -2.4075246424375276
0                         0                        140.0034438833806        -0.4640943179585092      -5.900400467781274       -4.502771430671849       -2.6527631067723334
0                         0                        139.7148809903852        -0.46481874271194196     -6.037823991397749       -4.640859098561293       -2.368151023337113
0                         0                        140.84661996331337       -0.46150696550745396     -5.49885116693177        -4.099281511058777       -3.484394985429102
0                         0                        139.0648387252393        -0.46614975616355836     -6.347396361041778       -4.9519275782669405      -1.7270087008310826
0                         0                        140.61537223186437       -0.4622863522620847      -5.608979249424097       -4.209941823647938       -3.2563133427959414
0                         0                        140.56982990126886       -0.4624336295075463      -5.630668065609571       -4.231735458154823       -3.211394547240719
0                         0                        142.6284012013873        -0.4537328969414053      -4.376034659992769       -3.816340504979744       -4.09438102891788
0                         0                        145.7008304122016        -0.43439241384731686     -4.027253015102687       -3.404388464151836       -8.931123503391383
0                         0                        147.23704501760872       -0.41864735106793177     -6.416398138126134       0.22994721971473098      -12.213746402310884
0                         0                        144.1646158067945        -0.44608759580514123     -4.760118955219028       -3.2460028385234665      -6.294850675815056
0                         0                        150.30947422842308       -0.3697406971819796      -2.3386507580480043      -2.184833985224813       -21.311432758538473
0                         0                        151.84568883383025       -0.3328589592547382      -3.839607952004208       -0.7348470887143819      -29.341378715877227
0                         0                        148.77325962301592       -0.3983368277863774      -3.6851174396867634      -3.005869331354333       -15.917910724781002
0                         0                        153.6123063947405        -0.27771683003564734     -2.726863099870684       -2.4576037837890112      -37.83675402543561
0                         0                        155.37892395565078       -0.199172811036385       -0.12895225430443702     -2.241639503077238       -51.083474933221034
0                         0                        157.14554151656105       -0.09722690225695162     -0.7498872038886821      -2.0467412551608195      -66.12794010234919
0                         0                        157.94222282482826       -0.04163426749578144     -0.36164257457412674     -1.5659360942756984      -73.6743055086914
0                         0                        158.02112427807566       -0.035790828872080016    -0.3326265030502782      -1.5645719020358015      -74.44561835073816
0                         0                        158.73890413309545       0.020162981939731442     -0.06866239650427408     -1.5521616146725818      -81.46238163142593
0                         0                        158.8967070395902        0.03313969793944803      -0.010630253456590744    -1.549433230192792       -83.00500731551921
0                         0                        158.90823788769333       0.03409746595792634      -0.006389774992388464    -1.5492338638585326      -83.11772882894608
0                         0                        159.34720454271786       0.07152522059973711      0.15504055784113469      -1.5416442076518009      -87.40891237900207
0                         0                        158.3718263344462        -0.009081434503432427    -0.2036555458322855      -1.5585083252051268      -77.87395824408156
0                         0                        158.59925306311447       0.008881997585861322     -0.12001918738928374     -1.5545761570938268      -80.09720191358025
0                         0                        159.47344390108697       0.08263755981419091      0.201465181226407        -1.5394615513638685      -88.64298392362281
0                         0                        159.53558544136266       0.08816484604959143      0.22431778156555282      -1.5383871350694978      -89.25045775416075
0                         0                        161.44347190958578       0.26469775135646095      -0.13348631461054772     -0.997584977375277       -93.13394309063014
0                         0                        161.69259738929782       0.2879176611385924       -0.17853564347454043     -0.8278881424421662      -93.27741723246237
0                         0                        160.5338551466089        0.1802198107270321       0.030999569141310968     -1.6171887443514024      -92.61008465344725
0                         0                        160.58596710195587       0.18504668531142818      0.021576170872790623     -1.581691637051148       -92.6400965096462
0                         0                        161.00481182286617       0.2238990169849729       -0.054163466827215734    -1.2963871248467498      -92.88131385507009
0                         0                        160.29325284132116       0.15795428046197724      0.07450765345637311      -1.7810798474699716      -92.4715191028102
0                         0                        160.77952876362568       0.20298904490633604      -0.013425559829779221    -1.449843215172638       -92.75157082906068
0                         0                        161.8037818220427        0.29829221756200797      -0.19864111033029763     -0.7521526281444366      -93.34144958712804
0                         0                        162.29645454588726       0.3443488982016227       -0.38232085803520377     -2.416806713308894       -94.51027814419542
0                         0                        160.67806626009212       0.19358120272222848      0.004921891801145106     -1.5189564417038435      -92.69313744183971
0                         0                        160.06844463414973       0.1371967076507794       0.31285181288064656      -1.7193379253819423      -92.24021982102863
0                         0                        160.22348138835926       0.15150742156451547      0.24744944196086216      -1.6742550947266202      -92.37037766858519
0                         0                        159.74137687720136       0.10707280945341639      0.4508255911948069       -1.8144453105596716      -91.96563696184393
0                         0                        162.37188519626687       0.35148653113781736      -0.29638433885881454     -2.746987942632842       -94.28108973515512
0                         0                        162.77449552827284       0.3891391371676734       0.1467655892367361       -4.2576017199939         -92.76133335545826
0                         0                        162.7952416803046        0.3909738274203253       -1.9071429195792575      -0.7343137542713691      -88.34511520763805
0                         0                        162.8127539038674        0.3925196150530362       -1.9096865155186933      -0.8234122920379718      -88.19301853288145
0                         0                        163.80339872105273       0.48107510149347466      -0.24804382861187824     -0.1253627469351084      -85.27388168639446
0                         0                        163.899490317917         0.4892308230400008       -0.2530995942880434      -0.379230363442117       -84.47502066653283
0                         0                        163.15646666088062       0.4241689983064844       -0.21400612904830751     1.5837887867814828       -90.65217512968297
0                         0                        163.98490847647227       0.49641619487897903      -0.25759378741456196     -0.6048994648669428      -83.76489366807601
0                         0                        164.02764526386832       0.4999884452720231       -0.25984234181350097     -0.7178072185879962      -83.4095998163874
0                         0                        164.08134397921035       0.5044554473715026       -0.2626676473630276      -0.8596756578503104      -82.96317357410126
0                         0                        164.08969716414538       0.5051481640617479       -0.26310714204369745     -0.8817442176297519      -82.89372906434136
0                         0                        164.81335029206392       0.5629576794929292       -0.7856817738209898      -2.6588928054751193      -78.0398627768015
0                         0                        165.2063678295785        0.5928700084358701       -0.2751016255218097      -3.3224506828054814      -74.17893708695755
0                         0                        165.62937464448817       0.6233692946708482       0.2744384373820239       -4.036641469233643       -70.02340273347352
0                         0                        165.20258249257856       0.5925891457791818       -0.28001926339376126     -3.316059644378555       -74.21612348062399
0                         0                        165.75235777985614       0.6319589239036857       -0.4147925352912978      1.2398017018528833       -69.26700637765143
0                         0                        165.75315523218777       0.6320141580560683       -0.4140867690670973      1.2407219660013737       -69.25952415978217
0                         0                        166.2231368791701        0.6635286302874093       0.0018593123581638338    1.783083236954937        -64.84984982827345
0                         0                        166.33914624141568       0.6708281204022948       0.4597928441234558       -1.0867036157181147      -63.58745602549675
0                         0                        166.69083205731496       0.6926142160890805       0.2973212595420591       -1.0225461060719212      -60.307763524812074
0                         0                        166.98436471716545       0.709914759466965        0.16171523218402228      -0.9689973884257341      -57.57038595740601
0                         0                        167.04861273636598       0.7135942955202739       0.13203397404438988      -0.9572767197912277      -56.9712325732497
0                         0                        167.078003154113         0.7152646761202958       0.11845620796171374      -0.9519150704870896      -56.69714835284867
0                         0                        167.18652855170723       0.7213628391509761       0.06831971533873826      -0.9321169469113286      -55.68508043161767
0                         0                        167.56388146756416       0.7417118038965518       -0.21333941133147505     -1.090403291333704       -52.58441033930342
0                         0                        167.14925652711932       0.7192808658621608       0.08553862102561993      -0.9389164257897189      -56.03266561703011
0                         0                        168.05838806114505       0.7667308041421925       -0.4311261644874662      -0.7176725153233221      -48.6033213124403
0                         0                        168.17219144239667       0.772209893757133        -0.43317588751993696     -0.652096697993862       -47.79342637453351
0                         0                        167.73160324429597       0.7504181201402955       -0.28720613355950064     -0.9639842125860696      -51.2341445722125
0                         0                        168.21566512452978       0.7742804339965927       -0.4857356063642726      -0.6340255446422418      -47.46145602166587
0                         0                        168.294028675046         0.7779762360774424       -0.5804772058942973      -0.6014513602372631      -46.86306236738122
0                         0                        168.32004625121385       0.779192914871975        0.8856039126108044       -1.2745243432103024      -45.02061800754365
0                         0                        170.16580738455752       0.8507332501172047       0.41870596775433455      -0.5228970787168663      -32.49790153743339
0                         0                        170.32496853884152       0.8558197192047531       0.378445061565742        -0.4580837825394042      -31.418059746343523
0                         0                        169.86169888284812       0.8405366362131389       0.4956323001475198       -0.6467355522440528      -34.56115039139453
0                         0                        168.42186151889933       0.7837415354778927       0.8598490419623488       -1.2330633276154117      -44.32984404631937
0                         0                        169.27351811466275       0.8190348468325307       0.6444166617360167       -0.8862533824942602      -38.55171063242276
0                         0                        168.34697880267598       0.7804029743434753       0.8787911388990608       -1.2635569219035432      -44.83789192252415
0                         0                        170.3576280590848        0.8568421995956834       0.3701836118005417       -0.4447842361265799      -31.196478576024326
0                         0                        169.3388371551493        0.8215385341107203       0.6278937622056446       -0.8596542896684127      -38.108548291784
0                         0                        169.788359883619         0.837983710226857        0.5141839032767734       -0.6766005170953662      -35.05872479414732
0                         0                        171.37641896302028       0.8851039113268642       -0.8935732515128336      0.641875181821078        -25.373774951249914
0                         0                        173.3183418553268        0.9253966699588655       -0.18125562143603702     -0.2855774185327107      -16.76900327540309
0                         0                        173.4176746670936        0.9270421601638974       -0.21772763517299154     -0.31041245157780395     -16.36184595284895
0                         0                        172.34738040917347       0.9071824524654466       0.1752521484776821       -0.04281916804140451     -20.748897287134128
0                         0                        172.62094562161633       0.912705251597265        0.07480725007266642      -0.11121551130602825     -19.627575163446732
0                         0                        173.14373697639263       0.9224062385530241       -0.11714597398133719     -0.2419229818862334      -17.484694835394606
0                         0                        173.22822801060605       0.9238689079483713       -0.1481685344594439      -0.2630472970987512      -17.138372782708394
0                         0                        173.53122966555392       0.9288737023020188       -0.2594216070850166      -0.33880329332563974     -15.896393014254068
0                         0                        173.72946297225428       0.9319443603493701       -0.33220690085175875     -0.3883652722426234      -15.083850401580907
0                         0                        174.28930330147998       0.9397465638071155       -0.5377633913495856      -0.5283356690237042      -12.789109263672938
0                         0                        174.35410588901686       0.9406538536397022       -0.2307580213438314      -0.49112238000424213     -13.923607007339115
0                         0                        175.0459395357421        0.9488893336938304       0.08654458255124098      -0.04321051188392744     -11.233134177027907
0                         0                        175.16314005959705       0.9501925463354397       0.08105589648044997      -0.06275141509389925     -11.005889996997595
0                         0                        175.5866022057952        0.9546792790523385       0.061224493797002566     -0.13335547503945122     -10.18482448447645
0                         0                        176.2095177852038        0.9606473884447306       0.032052371083722164     -0.23721450778742792     -8.97703175953884
0                         0                        175.46986978428401       0.9534771694202319       0.06669125789379393      -0.11389261877236123     -10.411161044559414
0                         0                        175.2818118371103        0.9514849818636995       0.07549830927185752      -0.08253762117783481     -10.775793151977282
0                         0                        175.38702481247827       0.9526080033415765       0.07057101907430052      -0.10007983430492118     -10.571792047463035
0                         0                        177.13722373329716       0.9681410733827952       -0.25052521948069284     0.2878788843988218       -7.605401479034242
0                         0                        174.7100717788282        0.94500712325737         0.1022738013152491       0.012788890791739504     -11.884359875583812
0                         0                        178.35409530548404       0.9758458763234554       -0.040111838501900365    0.029870988632843876     -5.531994199806739
0                         0                        178.4123626873046        0.9761659800959335       -0.04382168483231652     0.02377758377996031      -5.455414620567431
0                         0                        177.96539570898614       0.9735963069493672       -0.01536358782284708     0.07051987199568543      -6.042853802900893
0                         0                        177.91992678594403       0.9733201863098592       -0.012468611044610611    0.07527485750645013      -6.102612640285258
0                         0                        178.70262983859092       0.9776941404681404       -0.0623028056995949      -0.006577568844336135    -5.073922684292192
0                         0                        179.1639954392045        0.9798951963434577       -0.09167765363267932     -0.05482561606662628     -4.46755969926625
0                         0                        179.3309550872862        0.9806227804347539       -0.1023078659128629      -0.07228568888993436     -4.248128188865557
0                         0                        179.38150456425274       0.9808358419377035       -0.1055263182574322      -0.07757198147106692     -4.181692087638531
0                         0                        179.48533289123782       0.9812629358576386       -0.12654405629186805     -0.012997878118298445    -4.488446832612169
0                         0                        179.5500937774958        0.9815518873694566       -0.13168672670300907     -0.028402600040067227    -4.435196079463083
0                         0                        179.5579382256852        0.9815866537360545       -0.1323096553551899      -0.03026856497623953     -4.428745846949425
0                         0                        179.56570844906364       0.9816210412578166       0.1488823662587606       0.1799889211190191       -3.909823848069731
0                         0                        179.544140227414         0.9815254676349437       -0.131213954515772       -0.02698642449402655     -4.440091488468511
0                         0                        181.2458849661712        0.9873391533929551       0.1287675277600897       0.07171304374827514      -2.896737339897328
0                         0                        181.78725515207057       0.9888190017262753       0.1222863195378352       0.036825440413451815     -2.570310428393187
0                         0                        179.85744137191608       0.9827360070231184       0.14538978046908824      0.16118873086617214      -3.7339193016591246
0                         0                        180.67648180056705       0.9855919954446853       0.13558434289845422      0.10840718076627809      -3.2400671382313035
0                         0                        179.81359240953313       0.9825716988668627       0.145914734119998        0.16401449638880194      -3.7603586618900415
0                         0                        179.59374142876842       0.9817304083512569       0.1485467593427927       0.17818238743515735      -3.8929209612397546
0                         0                        181.1740272900011        0.9871294438683504       0.12962779781867084      0.07634377918191149      -2.9400649554753837
0                         0                        181.14790981673383       0.987052451152731        0.12994047255941155      0.0780268715857062       -2.9558128602491873
0                         0                        182.89802850357404       0.9913020601025865       0.06586382694845838      -0.07491271108257536     -1.9867435957437465
0                         0                        183.9242964533508        0.9931128964487591       0.010304003420174013     -0.051978004215543994    -1.594471339279739
0                         0                        184.1050968995671        0.9933957622239724       0.00615282999945066      -0.04447520535526728     -1.5345671242101107
0                         0                        184.9505644031276        0.9945747697672674       -0.01325908132304221     -0.009390266380628454    -1.254440231673322
0                         0                        185.3121652955602        0.9950067150569142       -0.021561428164773133    0.005615331339938301     -1.1346318015337005
0                         0                        184.1336580712297        0.9934394561202756       0.005497066260318206     -0.04328998302490206     -1.5251040138818457
0                         0                        185.36928763888545       0.9950709873291924       -0.022872955643322257    0.007985776000693168     -1.1157055808773926
0                         0                        184.53640261471733       0.9940268122303862       -0.003749937712029805    -0.026577019284594883    -1.3916635481299169
0                         0                        185.82603485466927       0.9955460222716651       -0.03335985953009413     0.026939725295139105     -0.9643725282251232
0                         0                        185.97683235290435       0.9956876800581127       -0.06698815569211547     -0.02227164079791777     -1.01521875670295
0                         0                        186.3431309490972        0.9960462723147734       0.00880607266037714      -7.978642750003928E-4    -0.9296401671560375
0                         0                        186.52561579040162       0.9962123173163369       0.035807290463594654     -0.003917724752341201    -0.850197873634869
0                         0                        186.5799791466567        0.9962583393658628       0.036214401871518476     -0.0023242564866450266   -0.8429297290706472
0                         0                        187.99987376336875       0.9972610043147804       -0.0250904169432431      -0.013679627910249792    -0.6252193205515937
0                         0                        188.04103782509168       0.9972866442947278       -0.024676129198212493    -0.013172084598942035    -0.6205265497197985
0                         0                        189.48151447266517       0.998062223130687        -0.010178730322650154    0.004588657586566569     -0.4563098394928602
0                         0                        189.50209650352667       0.9980715907671976       -0.009971586450433279    0.004842429242160051     -0.45396345407692706
0                         0                        187.29743955018174       0.9967937038790041       -0.03215993035033193     -0.022340478458517055    -0.7052979777342046
0                         0                        187.48199577488555       0.9969219295060128       -0.03030249988852063     -0.020064943113030864    -0.6842582641617412
0                         0                        189.13029736607172       0.9978949280605813       -0.013713487026166149    2.5823231243293776E-4    -0.4963491680840093
0                         0                        189.19876189951398       0.9979286431895752       -0.013024438958382234    0.001102384093371711     -0.48854409851350056
0                         0                        190.96315518196164       0.9986131787832698       -0.014791855917678731    0.021223061698208312     -0.32765802937171884
0                         0                        193.65153074142415       0.99924668366007         -0.0032384360855353123   -5.39231884504332E-4     -0.17498872740071647
0                         0                        194.99571852115542       0.9994411340043139       9.23781387911049E-4      2.525879390020691E-4     -0.13209506914540725
0                         0                        192.30734296169288       0.9989706985863881       -0.01210198697411613     3.368518028352696E-4     -0.23564597385575325
0                         0                        197.684094080618         0.999695728021986        -0.0020594798796764735   -6.28212609512957E-4     -0.07083255352141705
0                         0                        199.02828186034924       0.9997748978968447       0.001603615084093235     -4.179347587864868E-4    -0.04696330216464573
0                         0                        196.33990630088675       0.9995844733911432       -0.00571558336874034     -9.423178952410183E-4    -0.09470180487839741
0                         0                        203.48212878334039       0.9999127801022473       7.240302688416023E-5     1.5487289280624594E-4    -0.017318172746271898
0                         0                        203.4927823945401        0.9999129643239272       -2.2709387044983487E-4   2.7961308283863673E-4    -0.0175571870524891
0                         0                        203.04542110660887       0.9999047476477935       -4.413512030367883E-4    -0.001436876802046072    -0.017681083618612092
0                         0                        202.8421792047868        0.9999010035418276       -3.2380273694343487E-4   -0.0011366647292447851   -0.019162755492516226
0                         0                        202.28800803207452       0.999889264665889        -3.288262277578724E-6    -3.180890571314876E-4    -0.023202768072515312
0                         0                        201.706374691189         0.9998745360365938       3.33109431970513E-4      5.410514508952247E-4     -0.027442985048395485
0                         0                        200.80385443357946       0.9998467991011277       8.550976195351723E-4     0.0018741794858669891    -0.03402252829033614
0                         0                        200.93523053256806       0.9998512059350104       7.791139823680737E-4     0.001680121613674146     -0.033064771700537676
0                         0                        200.36732827576915       0.9998312527862784       0.0011075700668783384    0.0025189797041207385    -0.037204886478320986
0                         0                        201.30087552473793       0.9998628085676974       5.676368824722999E-4     0.0011400211718921582    -0.03039915060563203
0                         0                        203.49638128347442       0.9999130274796744       -2.2471247817179574E-4   2.780394597579061E-4     -0.01754017139860764
0                         0                        203.92248046885828       0.9999200721206576       6.981924300930586E-5     1.1836201161941062E-4    -0.01574611479848187
0                         0                        203.97482700335235       0.9999208917280205       7.573228930368714E-5     8.943844775899379E-5     -0.015568560417982269
0                         0                        204.35731854886072       0.9999265984534027       1.1893840124344024E-4    -1.2190350154384078E-4   -0.014271186098945066
0                         0                        204.51646469343058       0.9999288267034416       4.6120526841519904E-4    1.4723430273377858E-4    -0.01304982342527694
0                         0                        205.72192099607136       0.9999427813047224       5.584690344875298E-4     -2.9439714083423496E-4   -0.010102573306475904
0                         0                        206.04653764590464       0.9999459319500587       5.846611392144041E-4     -4.1332382414793756E-4   -0.009308909979495184
0                         0                        206.09107253203115       0.999946344096726        5.882544926691935E-4     -4.296396418794757E-4    -0.009200025527754008
0                         0                        206.37331749552075       0.9999488433735241       6.11027784543694E-4      -5.330430179810719E-4    -0.008509957791339673
0                         0                        205.05004421590357       0.9999354417782476       5.042578070799664E-4     -4.824810028480897E-5    -0.011745261569814147
0                         0                        205.4448910944757        0.9999398887712607       5.361165264332612E-4     -1.9290435760410674E-4   -0.010779890608290543
0                         0                        204.88040116749636       0.9999334140953118       4.905699430892696E-4     1.3902393511955324E-5    -0.012160026081234676
0                         0                        207.30174389656582       0.9999556905102306       -1.8816456054082664E-4   -4.543929211848763E-4    -0.005916425145187532
0                         0                        211.97972998963763       0.9999715336860017       2.4972075692630824E-4    -4.2555888569495437E-4   -0.0014504357564533166
0                         0                        212.03313451648512       0.999971610765234        2.436169193700266E-4     -4.182563454362409E-4    -0.0014365904776569849
0                         0                        211.22975802322858       0.9999703708401163       3.275824737158928E-4     -5.233568473386185E-4    -0.0016506025158662396
0                         0                        210.6783438256888        0.9999691073468425       4.947848070102623E-4     -2.7488508517592436E-4   -0.00238278437111461
0                         0                        210.6632482769646        0.9999690713194886       4.9856768259815E-4       -2.8634889844170175E-4   -0.002414058639715222
0                         0                        208.41735815488207       0.9999616730523186       5.676429085887946E-4     -4.453573085880791E-4    -0.004674993325298971
0                         0                        208.42451394430702       0.9999617064740286       5.660605234467653E-4     -4.45273799718926E-4     -0.004666172997541906
0                         0                        209.53297241319837       0.9999661214886543       3.2094314781261346E-4    -4.323379531427918E-4    -0.0032998712879361847
0                         0                        209.5472839920482        0.9999661685887896       3.177783772798648E-4     -4.3217093536895845E-4   -0.0032822306316120375
0                         0                        208.65325001969666       0.999962741550819        5.154792987482892E-4     -4.4260442131616173E-4   -0.004384229650412408
0                         0                        208.66376612412543       0.9999627875876799       5.131538354632426E-4     -4.4248169751881505E-4   -0.004371267350123276
0                         0                        210.00475614282743       0.9999675411366664       2.1661592865029888E-4    -4.268321791442986E-4    -0.0027183439376017304
0                         0                        210.025788351685         0.9999675980368185       2.1196500125597595E-4    -4.265867307537974E-4    -0.002692419337051888
0                         0                        209.49598187527          0.9999659985813472       3.291229973854115E-4     -4.3276963742044927E-4   -0.0033454663523002637
0                         0                        210.63113285106647       0.9999690020372607       7.810301235622319E-5     -4.19522285938001E-4     -0.001946263078480115
0                         0                        210.64858667151458       0.9999690358192375       7.424338679129505E-5     -4.1931859745147904E-4   -0.001924749250520108
0                         0                        214.88974384942853       0.9999741747003197       2.4388584806445124E-4    -2.936620123108469E-4    -4.6317257253747357E-4
0                         0                        215                      0.9999742248888396       2.4168802706014958E-4    -2.925393280008848E-4    -4.472259769450204E-4
0                         0                        214.84579583910838       0.9999741542051332       2.447618977754473E-4     -2.941095133479621E-4    -4.695288724292368E-4
0                         0                        212.07732744391186       0.9999716739056941       2.4378829910443045E-4    -4.140814170822127E-4    -0.0014209011683310457
0                         0                        212.2295011012059        0.9999718860188709       2.4437842704827517E-4    -3.9970549462697846E-4   -0.0013668766962764423
0                         0                        212.372200806615         0.9999720774571147       2.449318151747093E-4     -3.8622458107173685E-4   -0.0013162156530377445
0                         0                        212.37830298621756       0.9999720854822892       2.4495547927472217E-4    -3.8564810500041347E-4   -0.0013140492660603798
0                         0                        212.7207976016476        0.9999725147147945       2.462836699947957E-4     -3.532924652791536E-4    -0.0011924573223751622
0                         0                        212.73945796504125       0.999972536904671        2.4635603459444155E-4    -3.515296115299549E-4    -0.001185832547236032
0                         0                        212.96205204810974       0.9999727920687275       2.472192523157446E-4     -3.305010353820137E-4    -0.0011068075173454872
0                         0                        213.78662548321475       0.9999735709222416       2.4311717780234332E-4    -3.194667984409705E-4    -7.721504718887218E-4
0                         0                        213.88685204511583       0.9999736462119323       2.4198866073266156E-4    -3.2309122022144976E-4   -7.302394993509154E-4
0                         0                        213.60297897950755       0.9999734220680278       2.45184975156576E-4      -3.1282572063418E-4      -8.489445213513136E-4
0                         0                        214.54909900248515       0.9999740381138768       2.3453198456024893E-4    -3.4703958621662423E-4   -4.533127699914985E-4
0                         0                        214.80173807691943       0.9999741392934762       2.3168735424761167E-4    -3.561755933674249E-4    -3.476686266026263E-4
