% Model:              AluminaWithRodsOriginalRydberg.mph
% Version:            COMSOL 5.5.0.292
% Date:               Mar 9 2026, 18:12
% Dimension:          3
% Nodes:              503
% Expressions:        4
% Description:        Electric potential, Electric field, x component, Electric field, y component, Electric field, z component
% Length unit:        mm
% X                       Y                        Z                        V (V)                    es.Ex (V/m)              es.Ey (V/m)              es.Ez (V/m)
0                         0                        184.93201025585114       0.956798428857047        -1.2832345553975415      0.4062334082209702       -8.635590396469354
0                         0                        185.1686895329667        0.9593083587762826       -0.4365917690879684      -0.1030208232919918      -10.380866685991947
0                         0                        214.77625079833396       0.9997989346075544       -2.4920474258749437E-4   -3.34893981733142E-4     -0.003481169904475223
0                         0                        214.94048735292432       0.9997994850101356       -2.282672259994456E-4    -3.7371234567107336E-4   -0.003221388883190457
0                         0                        212.7216898409657        0.9997884438757528       2.6475091637223613E-4    -3.2827327267348494E-4   -0.00860672134099616
0                         0                        213.54478087113566       0.999793448275876        -4.0619733256619384E-4   -4.382815916770255E-5    -0.0054290463457356
0                         0                        213.63061212483595       0.9997939084313544       -3.9525522949901415E-4   -6.411492692337539E-5    -0.005293282837921964
0                         0                        214.9643949814557        0.9997995615738606       -2.2521938832653632E-4   -3.793630670649861E-4    -0.0031835730134055495
0                         0                        214.96466690758416       0.9997995624394986       -2.251847219625347E-4    -3.794273386805713E-4    -0.0031831428945565676
0                         0                        215                      0.9997996739224311       -2.2068032156141726E-4   -3.8777854178562166E-4   -0.0031272548075804707
0                         0                        212.6679658990666        0.9997879776297534       2.2677693017669753E-4    -2.978154619661666E-4    -0.008750381763803716
0                         0                        212.71954892133562       0.9997884254433259       2.6323763857760696E-4    -3.270595173212598E-4    -0.008612446263725815
0                         0                        212.1545047878836        0.9997831321528519       -1.3615558108881487E-4   -6.718032105723637E-6    -0.010123401647405217
0                         0                        211.379935242111         0.9997744054719968       2.347232464714466E-4     3.5744406378057647E-4    -0.013014712242181758
0                         0                        211.696221998353         0.9997783173098077       3.611001525598567E-4     3.177254685340358E-4     -0.011607789799512602
0                         0                        212.1127704308204        0.9997827354651404       4.516565529470995E-4     7.85650278629646E-5      -0.009605375288884943
0                         0                        209.94466708599532       0.9997503735784318       -3.7822430573353216E-4   6.818493259928005E-4     -0.02047295828458573
0                         0                        210.24451341631863       0.9997562787207592       -2.501715279918937E-4    6.140768147204767E-4     -0.018914832928876635
0                         0                        210.37109401818105       0.9997586313415456       -1.9611384571227575E-4   5.854665420557126E-4     -0.018257067849297925
0                         0                        210.51766403195603       0.9997612514635622       -1.3351945822392963E-4   5.523381793040016E-4     -0.01749542953062644
0                         0                        210.24534771955794       0.9997562944996571       -2.4981522937839173E-4   6.138882419914893E-4     -0.01891049754477514
0                         0                        211.0678361003789        0.9997700905109023       1.0143776638926738E-4    4.2798600614446514E-4    -0.014636508265766679
0                         0                        210.64892880596744       0.9997635032289228       -7.746134697050877E-5    5.226691705360054E-4     -0.016813323558281468
0                         0                        209.7774404852457        0.9997468772970521       -3.2783710355133167E-4   4.788395698120951E-4     -0.02124094649343533
0                         0                        210.56462639873206       0.999762067360091        -1.134636465511818E-4    5.417235503983875E-4     -0.01725139367938766
0                         0                        209.34682539962557       0.999737304043323        -9.337973595791027E-5    2.052900036204619E-4     -0.02247255872060805
0                         0                        208.1323871270872        0.9997002860764277       -3.543172889735047E-4    -7.626415347576909E-4    -0.03849055110916311
0                         0                        208.3361340339216        0.9997078546378932       -3.1053966713301406E-4   -6.002511839611202E-4    -0.03580320464064357
0                         0                        208.39844426051638       0.9997100599388923       -2.971515202219166E-4    -5.505886899355161E-4    -0.03498135575976846
0                         0                        208.46513626320083       0.9997123635829912       -2.8282189281725323E-4   -4.974338327228267E-4    -0.03410171286996899
0                         0                        207.9903445771194        0.9996946857228363       -3.8483694257251955E-4   -8.758522813963054E-4    -0.04036403989471182
0                         0                        207.45006312140706       0.9996709527272768       -5.009233045569772E-4    -0.0013064673833582674   -0.047490152798900453
0                         0                        208.76824448030808       0.9997220941964127       -2.176952262686882E-4    -2.558505350807039E-4    -0.03010382740778539
0                         0                        209.03829535570765       0.9997297428181211       -1.5967135113470476E-4   -4.0614598342259E-5      -0.026541956076499673
0                         0                        206.50168198229778       0.9996199824084763       6.991162450873389E-4     0.0011028028837039017    -0.06236834934924218
0                         0                        202.49300157317828       0.9991781156133355       -0.009860218954059974    -0.010789827924881479    -0.1636771572969451
0                         0                        202.64494547821312       0.9992026775303706       -0.009311757187369096    -0.010490786368087868    -0.1596252750025542
0                         0                        202.7848856111437        0.9992247543998075       -0.00880662463528381     -0.010215369494780191    -0.15589349683892806
0                         0                        203.5717698051398        0.9993391686139497       -0.005966261311474597    -0.008666698790058547    -0.13490968618356192
0                         0                        204.19304313920992       0.9994178379401385       -0.003723692448900806    -0.007443967644903182    -0.11834221398532918
0                         0                        205.03672589371882       0.999508190445673        -6.783071542599828E-4    -0.005783511409703124    -0.09584375829285818
0                         0                        204.13944605667692       0.9994114568403416       -0.003917158258147424    -0.007549452329840278    -0.11977148533173931
0                         0                        202.1068137165608        0.9991129169133072       -0.00794228118846263     -0.007045306467290402    -0.18234924148022724
0                         0                        203.653243058679         0.9993500716388242       -0.005672172749456195    -0.008506350874156965    -0.13273704205280978
0                         0                        200.13157707340793       0.9986166475963583       -0.010455385748656454    0.0014376432215499335    -0.32014175742726625
0                         0                        200.70035626921253       0.9987874535461572       -0.009731724816418819    -0.0010050642481189698   -0.2804637185047678
0                         0                        201.2632928110515        0.9989342834347952       -0.00901549752515507     -0.0034226795644087815   -0.2411932631456537
0                         0                        201.74402551330104       0.9990421720183863       -0.008403858636143013    -0.0054872581766858275   -0.20765734795757052
0                         0                        201.11919539498433       0.9988988038581644       -0.009198833468673229    -0.0028038316230265536   -0.25124549945372987
0                         0                        201.8464603819187        0.9990630773790887       -0.008273530183373623    -0.0059271800660667395   -0.20051149112257605
0                         0                        200.73648940733543       0.998797542040978        -0.009685752424047678    -0.0011602434228734637   -0.27794307064802126
0                         0                        199.14395875183146       0.9982664481278904       -0.009184924430059027    0.014552684723810216     -0.40275508149488815
0                         0                        200.7740815550007        0.9988079412265748       -0.009637923725676956    -0.0013216885331530648   -0.2753206422799561
0                         0                        196.7063778437863        0.9969726804025552       -0.007632893504866997    -0.0018134611853142246   -0.656244555014716
0                         0                        196.84405496976615       0.9970620544716312       -0.0070962271450502185   -0.0015342542414558125   -0.6420694305583936
0                         0                        197.35163620984721       0.9973746937335507       -0.005117672069329119    -5.04887847021962E-4     -0.5898092805978674
0                         0                        197.92516829780894       0.9976960346334669       -0.002882040146333059    6.582257806186931E-4     -0.5307588851986225
0                         0                        198.24304157068474       0.9978595470235333       -0.0016429679982915835   0.0013028675423782943    -0.4980309126157749
0                         0                        198.24779748083935       0.9978619144494074       -0.0016244294286718447   0.0013125124498287732    -0.4975412479902701
0                         0                        197.67568043138687       0.9975604124258463       -0.0038545455219589977   1.5226849686555965E-4    -0.556445952180102
0                         0                        196.55116787409207       0.9968695845547615       -0.008237903006838437    -0.002128224447361049    -0.6722248467416705
0                         0                        196.45547493885513       0.9968047859803203       -0.008610914709880763    -0.002322288143886908    -0.6820773132054399
0                         0                        191.42637422690166       0.9900359487124439       -0.10283804544206987     -0.09677341479692814     -2.301190456289021
0                         0                        191.53917012578896       0.9903370041851293       0.14535678693601994      0.09862809396304328      -2.0639481114167353
0                         0                        191.9613087007783        0.9911870373933421       0.10225456906398733      0.11998836275199665      -1.9633228302832464
0                         0                        192.3550790329949        0.9919261390752165       6.087583029363852E-4     0.0455889456084293       -1.854243108494586
0                         0                        196.04890064682954       0.9965644039099544       -0.007345744027206558    -0.005320258841996939    -0.6571206332549195
0                         0                        196.3095269074883        0.9967246598021289       -0.007906992623982256    -0.008912277346446729    -0.5726548450035693
0                         0                        194.07648486263315       0.9946378693428078       -0.0030982227356435854   0.02186408542706353      -1.2963565013151594
0                         0                        194.7964965865935        0.9954872549318687       -0.00464874020380443     0.01194069770188344      -1.0630094945294104
0                         0                        195.78886460325467       0.996382571655761        -0.0067857664400759465   -0.0017363748619896313   -0.7413951393572944
0                         0                        193.137518234332         0.9932777665009745       -0.0010761943290635845   0.03480516625060304      -1.600664118669897
0                         0                        194.07259468951972       0.9946328238393185       -0.0030898453980219287   0.021917700798640638     -1.29761725891359
0                         0                        194.07391806897652       0.9946345407955489       -0.003092695244595267    0.02189946164081391      -1.2971883677930691
0                         0                        191.40990555481233       0.9899979763827462       -0.10361375186937494     -0.09969820478892188     -2.3102717784720994
0                         0                        191.39812290440537       0.9899707169802775       -0.08797520425936511     -0.05431342916372728     -2.261625411021896
0                         0                        191.34306197864004       0.9898452384227128       -0.08219895197083105     -0.05100936321034055     -2.296182356302552
0                         0                        190.79615956382935       0.9884955905370042       -0.6802967481368967      0.6493199790591007       -2.106496704589139
0                         0                        186.5974778378557        0.9705087381992326       0.5558714020614417       -0.6034647556984432      -6.461360309436385
0                         0                        187.1351526486369        0.9738329249404042       0.39757017333522526      -0.4430356402825275      -5.903685158631491
0                         0                        188.69681870084253       0.981787750147716        -0.06221267303769196     0.022927611680295        -4.283928507012757
0                         0                        189.30795869149486       0.9842121375824328       -0.24214338488064868     0.20527695394001455      -3.6500554305433637
0                         0                        187.5515660846612        0.9762013736324039       0.27497049550233044      -0.3187879763617758      -5.4717820434480124
0                         0                        187.92341367544344       0.9781643356029615       0.16549181184561235      -0.2078376791513925      -5.086102526558206
0                         0                        189.65764726525632       0.9854251048959876       -0.345098051507847       0.3096155382193544       -3.287359198179673
0                         0                        190.01270571817514       0.9865269316139289       -0.4496337080790056      0.41555636412478236      -2.9190933387685485
0                         0                        185.8341216327117        0.9652742245394182       0.7806173317700882       -0.8312317224276491      -7.2531117143479165
0                         0                        185.4467895123451        0.9620383115579016       -0.107241258095371       0.0388123632975379       -8.598550004567159
0                         0                        181.50152464490137       0.9064830579935355       1.0808631280277403       0.092174523958096        -20.69866519866258
0                         0                        181.95947573431107       0.9155933024513256       0.7652690016043238       0.13409966940342244      -19.088310609311577
0                         0                        183.33774479964086       0.9385621768188512       -0.18455649659418327     0.26027936929452267      -14.241718984046315
0                         0                        183.7327289603451        0.9439131264641986       -0.4567573582826583      0.2964399304749179       -12.85278341730077
0                         0                        181.48214758860544       0.9060813186345262       1.0942167050707163       0.09040056616585268      -20.766803330126205
0                         0                        183.20707892222825       0.936671251071815        -0.09450892516343856     0.2483169871933768       -14.701196863298009
0                         0                        181.18181111974195       0.8996856955914463       0.5463064406000484       -1.94936650420712        -21.732498115536124
0                         0                        182.078285307562         0.9178363580023092       0.6833921279644954       0.1449766140246389       -18.670524636163094
0                         0                        184.07741476241938       0.948134407673572        -0.6942954209965819      0.32799570732336747      -11.640718687921321
0                         0                        180.2315498513327        0.8774641361009793       0.3473834377308549       0.17838158734735998      -28.52905565651595
0                         0                        180.16845098248893       0.8756557377941948       0.46842273537043866      0.14459481342676384      -28.790460205564358
0                         0                        179.8239018419915        0.8653819611880598       -0.48094826964640447     -0.1654967149154043      -27.517270850345312
0                         0                        178.24947412958343       0.8118646645650096       1.4355448774187245       -0.7574980181436621      -40.46590322780423
0                         0                        178.4890232266081        0.8213222632615379       1.1439505417656273       -0.6674250497195247      -38.49576946473637
0                         0                        176.67504641717537       0.7379606822891037       3.352038024483832        -1.349499321371848       -53.41453560526321
0                         0                        176.7948209656877        0.7442993912047252       3.2062408566573737       -1.3044628371598215      -52.42946872372926
0                         0                        178.55892112392795       0.8239929457023308       1.0588663933148514       -0.6411427085359959      -37.92090523361388
0                         0                        176.82976991434762       0.7461267232902922       3.163698782431922        -1.2913216665679847      -52.14203660816793
0                         0                        179.65615105708662       0.8606501995689192       -0.27675138772462304     -0.22857276629502188     -28.89691072053097
0                         0                        177.9830514828377        0.8007917453951746       1.7598514001554122       -0.8576757226136626      -42.65705426163832
0                         0                        175.10061870476733       0.6436700143603447       -0.3607913080151377      -1.1442934873165598      -71.06215895627767
0                         0                        171.99049149143957       0.3855905493868733       2.2801718324485556       -2.45735568534883        -97.64913477361314
0                         0                        172.47461189657054       0.43175908016826664      1.9113606771512874       -2.3660987990423803      -93.08246956313599
0                         0                        172.8619887411334        0.467109318253419        1.6162504110597          -2.293078111859277       -89.42837785235369
0                         0                        173.7876153006689        0.5458456134154256       0.9110923611656752       -2.118597142227486       -80.6970239112178
0                         0                        172.82831693161933       0.46409275547497253      1.6419021680115158       -2.299425261163389       -89.74600107056959
0                         0                        172.78213581745118       0.45993812638975456      1.6770837259229765       -2.3081304193027403      -90.18162345958223
0                         0                        172.80545865457708       0.46203885216687923      1.6593159920823295       -2.3037340553540453      -89.96162118786674
0                         0                        173.95303867967218       0.5590657224654283       0.785070018631167        -2.0874147703834325      -79.13659972358317
0                         0                        171.65787862948184       0.35258940346467793      2.5335619655335364       -2.5200533403247363      -100.78664265215167
0                         0                        170.904101310083         0.2770638463696682       3.561856788668834        -2.7484199433957883      -99.17674209822472
0                         0                        171.22692415534465       0.3092212989884735       3.137891965742483        -2.7011363207696846      -100.04988074342974
0                         0                        171.35090444147332       0.32164629894536917      2.9750680490760573       -2.6829770202480248      -100.38521010642688
0                         0                        169.6923076606941        0.15886794947448335      5.1533113202404905       -2.925910460127966       -95.89920495726462
0                         0                        170.09324351728085       0.1975347689531812       4.626760297171288        -2.867185682689282       -96.98361579055162
0                         0                        170.15894637799474       0.2039127078645696       4.5404724085748285       -2.857562233428908       -97.1613222559764
0                         0                        170.5776607891437        0.24483264999635507      3.9905727227715744       -2.7962334442943018      -98.29381872902528
0                         0                        170.5987570900896        0.24690688784583312      3.962866847471261        -2.7931434847472048      -98.35087787430288
0                         0                        169.5396355506973        0.144258337115053        5.353816349641733        -2.948272230803667       -95.48627284530349
0                         0                        168.4805140113051        0.044643751272342866     1.854567287846148        -2.3043061832796994      -91.49997060461664
0                         0                        165.6669055047728        -0.1807617747503252      3.5253940462379934       -1.4752990432103843      -66.24907161074336
0                         0                        165.68726787199236       -0.1794107438326249      3.538495562231736        -1.46499192011958        -66.44973527486616
0                         0                        165.4789756445736        -0.1930379323567389      3.404476569278998        -1.5704263032499384      -64.39709173340086
0                         0                        166.97974482793933       -0.08529492606353825     4.370098652741642        -0.8107595839001469      -79.18662185481361
0                         0                        167.15380202226572       -0.07136264730729679     4.482090205133587        -0.7226544580362138      -80.9018916956866
0                         0                        165.82709003322645       -0.1700232680249146      3.6284596740629267       -1.3942160515220436      -67.8276314151474
0                         0                        165.95358128309473       -0.16136482890557227     3.7098464359923424       -1.3301880891418563      -69.07415631101888
0                         0                        164.78486258616053       -0.23536284826384693     2.957871651579172        -1.9217758617210023      -57.55686200397378
0                         0                        164.50037804418707       -0.2513381108805275      5.2638785547276274       0.11202935071518039      -58.46870469136667
0                         0                        164.01057447370337       -0.2788037575151754      3.4023582873671874       -1.070532789198141       -53.68093361169662
0                         0                        161.62181121703512       -0.3724142447153737      1.4714373354327392       -1.847938296635263       -29.802095067755296
0                         0                        162.25405808096025       -0.3520013501874926      2.5420831492182927       -1.3882245225408738      -34.77044990669738
0                         0                        162.8161928453693        -0.3312140854979249      3.4940012474141753       -0.9794900410571756      -39.18784623753939
0                         0                        163.03104227477922       -0.3226132295607666      3.857826922663655        -0.823270615241583       -40.87618707900402
0                         0                        163.12916752292568       -0.3185644117205503      4.023992058703158        -0.7519226485956345      -41.647279953113646
0                         0                        163.87812525431778       -0.2851683647245375      5.2922758661373805       -0.20734709594212575     -47.53277813624988
0                         0                        162.54282994316145       -0.3416329760127902      3.0310889522448363       -1.1782552681255503      -37.03969181326913
0                         0                        162.63409906455516       -0.3382196660606268      3.185643934362851        -1.1118924680102324      -37.756907519342256
0                         0                        163.92802192845082       -0.2827868549249992      5.376770813175511        -0.17106666548170324     -47.924878748401554
0                         0                        160.42742958870102       -0.40240423516751533     5.326797436416843        -6.12046204693128        -20.729629707702195
0                         0                        158.93358611967244       -0.42994129288275296     -0.4411016820280551      -2.4206636657797915      -16.192215310917593
0                         0                        159.13820898214158       -0.42656516958314833     -0.653658424825295       -2.4239340808521703      -16.806280154019074
0                         0                        157.4397426506439        -0.45078150535015177     1.1106628578389675       -2.3967880922588556      -11.709252144640411
0                         0                        157.84898837558188       -0.44573824055586303     0.6855493722445871       -2.4033289224037055      -12.937381830842682
0                         0                        159.14536879380967       -0.426444762863466       -0.6610958452036471      -2.424048513598006       -16.82776645606554
0                         0                        157.86330799891832       -0.4455526744453334      0.6706745314876486       -2.4035577878952274      -12.980354434936178
0                         0                        158.82549904970827       -0.4316739321673506      -0.3288237319844711      -2.4189361482460363      -15.867850433709085
0                         0                        156.58124720402702       -0.45972796991311676     1.9880775506824868       -2.3969874789146317      -9.18778178706473
0                         0                        157.3060704216208        -0.45231989621849183     1.249517985075137        -2.394651656147591       -11.308107251290666
0                         0                        156.55396921336714       -0.4599772871777064      0.2605722413413929       -0.8935802498094318      -6.796448280451926
0                         0                        155.86858194849316       -0.4650713217499488      1.2750836790680218       -0.5524171486373746      -7.6994831433890205
0                         0                        153.5947662075578        -0.47920623502597737     2.668775342920796        2.0057040459934257       -4.733286162899596
0                         0                        153.65185230725518       -0.4789339046099138      2.633785515100598        1.9414802133734668       -4.807755089075913
0                         0                        153.7555208455413        -0.4784284818182071      2.5702438766942493       1.8248495294390352       -4.942990895434464
0                         0                        154.96266236969925       -0.47151113825451185     1.8303496763764677       0.4667736474428352       -6.517709321170939
0                         0                        155.04581159299354       -0.4709646862584882      1.7793849577870056       0.3732279011464783       -6.626177641899547
0                         0                        155.28417164566622       -0.469348212232975       1.6332867439234597       0.10506461433389802      -6.937118786240541
0                         0                        153.44077401310858       -0.47991965693353456     2.763161899332651        2.178950580150115        -4.532403050881786
0                         0                        154.65467798080087       -0.4734566221143151      2.0191227892003916       0.8132667157564981       -6.115943097135377
0                         0                        152.2268700454163        -0.4844604262076067      -2.600671835397563       5.137266001062223        0.6962394014020535
0                         0                        150.86011012153548       -0.4869758089505733      -0.07048690635512855     -0.5380249343926309      -1.3075045056275485
0                         0                        149.4933501976548        -0.488034515724778       -0.40375283054165223     0.5645031507366856       -0.24171676682334464
0                         0                        148.12659027377393       -0.4876365465302217      -0.25188871726857087     1.7076294037604498       -0.40967005389460504
0                         0                        143.74724919132225       -0.48144348947840354     -3.999600048933786       4.281500052745116        3.5121272290172882
0                         0                        143.75093018040894       -0.4814525010700695      -2.8538152416573723      3.716609095751025        2.4563693151638972
0                         0                        143.83236663387265       -0.48166735815212325     -2.8272716151595105      3.4608887435363798       3.26591046615232
0                         0                        144.7127868994828        -0.48420412502898186     -3.2657746002023726      4.048040192090877        2.496716715312097
0                         0                        145.21140407592713       -0.4853404257751368      -3.5141163624323863      4.380567518935795        2.0610915585958125
0                         0                        145.26377451383976       -0.48544716795625675     -3.5402000343440565      4.41549331481183         2.0153372579003204
0                         0                        146.4196885866283        -0.48719305539113683     -4.115915736458039       5.186371324726792        1.0054537783542514
0                         0                        146.6808166732885        -0.4874258208780233      -4.245973448611808       5.360517400560894        0.7773148993739483
0                         0                        146.69518239380682       -0.48743689741562274     -4.253128453528862       5.370097886087237        0.7647640496483916
0                         0                        144.64203283730745       -0.48402528533187206     -3.2305347622753002      4.000854374453391        2.5585321739034583
0                         0                        146.38431155554073       -0.48715693870971294     -4.098295817494443       5.162778415908107        1.0363615076499002
0                         0                        143.32533241092804       -0.4803768682745734      -4.179745708679349       3.6353995966672983       1.5439466386008824
0                         0                        142.85300482331516       -0.4790454296020794      -3.645134093617365       2.9468385961521326       2.596949136647396
0                         0                        138.84379391097798       -0.4661891710998064      -0.5985801013038667      3.116287803922077        3.7502482622062736
0                         0                        138.8611616140156        -0.46625426340206255     -0.611725764019436       3.115868048180741        3.7455388450827023
0                         0                        141.19552376378928       -0.4742589001005476      -2.3786109652719034      3.059449423756412        3.1125544454216794
0                         0                        141.472530678119         -0.4751106957863807      -2.5882782688739496      3.0527545118018757       3.0374413977800003
0                         0                        141.56912777465254       -0.47540283871192457     -2.6613928798034436      3.0504198803436147       3.011248180431835
0                         0                        138.72913927075425       -0.4657574054458683      -0.5117976853509276      3.1190588637106806       3.7813379535026517
0                         0                        140.57518802895558       -0.4722758980429614      -1.909077122893578       3.0744421654970076       3.2807643535287383
0                         0                        138.96162972514665       -0.4666292020946679      -0.6877703566600353      3.1134398591231562       3.718295965474038
0                         0                        136.32696190479336       -0.4559284919313976      0.9666935763998197       3.3931491940845717       4.492923955767644
0                         0                        136.57788915083682       -0.4570861227043165      1.0058849798133167       3.0190435343489526       4.733900083249292
0                         0                        136.5966641664303        -0.4571751710131647      0.30956275130284894      3.357465007411861        4.2216855206471
0                         0                        138.31682918898153       -0.46416361472086964     0.14867247111827453      3.0703746854107976       3.903632243738471
0                         0                        138.3764723769181        -0.4643961109245347      0.1430939312151338       3.0604204183460837       3.892604399828244
0                         0                        138.11964767092178       -0.463390296141328       0.1671152305463579       3.103283682379228        3.94009050625543
0                         0                        136.28038159730957       -0.4558099860624128      1.3108784747701065       4.23266787793068         2.525038191555879
0                         0                        136.19474270394596       -0.4555967489191329      1.1554916869215504       4.159079136558063        2.4548753711847553
0                         0                        135.99608516223742       -0.4550726740510763      -1.5337546093881116      5.321172334414037        5.437655277366908
0                         0                        133.4674114645087        -0.44340269203530785     -2.067758570188005       4.15449648102342         3.7924656561884547
0                         0                        133.66156770541136       -0.44415128588702857     -2.026756758942275       4.244076009710577        3.918786356525157
0                         0                        133.8953278147441        -0.4450851178115625      -1.9773914239159183      4.351927914560759        4.070873874208931
0                         0                        135.1764374104073        -0.45083426055133236     -1.7068473838062062      4.943004427180654        4.904381262793855
0                         0                        131.73744719175838       -0.4378154325264545      -2.4483773557608686      3.399870157974135        2.6696581407689592
0                         0                        132.99179293067326       -0.4416725137096199      -2.168199438112481       3.93505628225466         3.483021746438844
0                         0                        128.43986325788023       -0.4323958632262128      -2.909915523883882       2.3973764945571503       0.7899550490032041
0                         0                        128.53531870954637       -0.43246524245578066     -3.142772110704172       2.459541756661338        0.6636911986917777
0                         0                        128.5956017804512        -0.4325028483275666      -3.165787762637528       2.574727259308297        0.7121659170083916
0                         0                        131.11229336111833       -0.4362682327269015      -2.5911252651219847      3.2356859998135423       2.2801629231723624
0                         0                        131.146140258754         -0.4363457660485818      -2.583396649157386       3.244575210952025        2.3012508604342656
0                         0                        130.92159208262464       -0.4358447317649664      -2.6346700815867514      3.1856021207183254       2.1613485892878384
0                         0                        130.8253398289817        -0.4356395831636053      -2.656648364859455       3.1603233901709835       2.1013796814137056
0                         0                        128.26147173177804       -0.4318094231979642      -3.9602574197885474      3.3483195738705147       3.128912806325502
0                         0                        128.29651204959652       -0.43192015195957273     -3.84150650037202        3.3338612371289646       3.19116466450879
0                         0                        128.23089940113994       -0.4317686897853432      -2.9307444530709574      5.30619257099309         -1.0238145146221598
0                         0                        128.18157589302072       -0.4318176259108637      -2.979639383266715       5.213446424617018        -0.9604776570435831
0                         0                        127.61258165487432       -0.4321562638485463      -3.780589355850612       1.214377441507807        0.7171207245635678
0                         0                        126.43285462434406       -0.4313764894472452      -3.500962226955246       1.658031880226579        0.6048366115338366
0                         0                        126.7936252560044        -0.4316008907042497      -3.586474598300626       1.5223585524538663       0.6391740551414191
0                         0                        124.70816082893805       -0.4304748883131097      -3.0921632745260723      2.3066294269140037       0.4406836269421319
0                         0                        125.21664671816679       -0.43071127423679206     -3.2126881464745516      2.115405511597956        0.4890803200607081
0                         0                        125.83365406764366       -0.4310311574378417      -3.3589355318243967      1.8833704371837268       0.547805873664128
0                         0                        124.42343454932235       -0.4303532721005941      -3.024675465880847       2.4137051101037343       0.41358393613612066
0                         0                        124.26617726194524       -0.4302894098823002      -2.9874012468207596      2.47284412426567         0.3986164948775297
0                         0                        123.63966818032918       -0.43005835236822076     -3.1367487384111277      2.8257142585154855       -0.6287971847502538
0                         0                        125.75264515917303       -0.4309870925822237      -3.339734235334312       1.9138350793328502       0.5400956040849962
0                         0                        122.25855803498382       -0.4314526106903938      -3.701712851388777       1.6306986772120666       -2.37082206722749
0                         0                        122.444007420924         -0.4310531375879827      -3.6232337195344684      1.784115141787879        -1.9373410510920337
0                         0                        122.90036007774773       -0.430412424206896       -3.43011277634362        2.161641391631136        -0.8706337530700452
0                         0                        123.10223153227928       -0.4302842963424434      -3.344684094994875       2.328643318847           -0.3987667646976689
0                         0                        123.29491142723614       -0.43022904851038074     -3.3296328041027214      2.4380505668556136       -0.3614438511602165
0                         0                        121.75549955154341       -0.4320669107533205      -4.001323557613112       2.0079816116656986       -1.3031288900922675
0                         0                        121.7671179306632        -0.43205179251062986     -3.9977033282470487      2.0081335077743354       -1.2993413055973093
0                         0                        121.80009283196158       -0.43200912409608355     -3.9874285123889663      2.0085646143114424       -1.28859150791979
0                         0                        120.3692739265129        -0.4341865651282959      -4.433264593797462       1.9898584056719253       -1.755037596952242
0                         0                        120.6123623521195        -0.43376956777709563     -4.357519444851254       1.9930364897676587       -1.6757909187168
0                         0                        121.31391598074836       -0.4326741353583977      -4.138918810281311       2.0022084461200222       -1.4470848643906322
0                         0                        120.70074223116595       -0.43362273476949875     -4.329980712451692       1.994191948680511        -1.64697913214248
0                         0                        121.01299930174572       -0.43312434709054        -4.232682956453882       1.9982743282808606       -1.5451835179035989
0                         0                        119.42463187227737       -0.4359899000000891      -3.344715335602377       -3.1017915916495156      -2.472925891914267
0                         0                        117.87608948774448       -0.4370874825176587      -3.1755372702398064      0.1194178139466968       -0.9880166709672035
0                         0                        118.10614688716983       -0.43686972563467547     -2.996188041181253       -0.39381670044645833     -0.905049003314577
0                         0                        116.32754710321166       -0.43904987138332463     -4.3827572228441625      3.574057398363429        -1.546481429009532
0                         0                        116.78766190206227       -0.4383764870434028      -4.024058764726956       2.5475883695774257       -1.380546093704261
0                         0                        117.36255496432169       -0.43764241663132386     -3.57588092839174        1.2650607813596615       -1.1732172416678353
0                         0                        117.75134358917248       -0.43721353959395687     -3.2727872643412668      0.3977131473549891       -1.0330049055538852
0                         0                        115.46917691695468       -0.4405101842262715      -5.354922623653094       5.70573842081588         -1.0744443237469696
0                         0                        116.07805530606745       -0.43944693000979573     -4.577257211047161       4.130648065180495        -1.6364578981828828
0                         0                        116.30603029821086       -0.4390832302057085      -4.399531394847912       3.622059188323078        -1.5542412277845585
0                         0                        117.33041836682159       -0.43768030606852215     -3.6009341281609384      1.3367542415717146       -1.1848069516599544
0                         0                        115.35593354445675       -0.4406256703376221      -5.33418382967923        5.792184516842909        -0.9651648613774876
0                         0                        114.85554838910866       -0.44098781403115084     -5.2425459314476015      6.1741613357558975       -0.4822949189874951
0                         0                        112.43456434903126       -0.4421543143915391      -2.775937159173067       1.511096692388696        -1.1008633521276892
0                         0                        112.64490837143651       -0.44193406750591835     -2.957795793792304       1.8987506610859644       -0.9932953798601135
0                         0                        113.64505636906996       -0.44119639614999034     -3.822500895401113       3.741975565382255        -0.4818290170763859
0                         0                        114.06574441388028       -0.44103894900280105     -4.1862181646393815      4.517283502776408        -0.2666930725413863
0                         0                        113.11806552629996       -0.4415213271727212      -3.3668766564659123      2.7707566577523757       -0.7513272215518363
0                         0                        114.53965166663832       -0.44096998734781206     -4.595947544810066       5.390671893971742        -0.024341321162069107
0                         0                        114.5783659682659        -0.44096942822600804     -4.6294190452298025      5.462020499459399        -0.004543188197743575
0                         0                        111.22407232899263       -0.4438615687557974      -1.7293734229450841      -0.7197821806046747      -1.7198976871789
0                         0                        113.14770815347062       -0.44149928053575693     -3.392504994472076       2.825386601279739        -0.7361682583401965
0                         0                        107.72921726339155       -0.4432662991145267      -1.189528387166149       2.1697395133026447       -0.373418924710089
0                         0                        107.75852748244432       -0.44325548778523033     -1.2048852616992072      2.1453578364980928       -0.3642984752901821
0                         0                        108.25580960644383       -0.44311280315594276     -1.4654325872603486      1.731694192217617        -0.20955939090420905
0                         0                        109.47664479619209       -0.4430888552696908      -2.1050802405511746      0.7161436439788531       0.17032741847570598
0                         0                        109.7399409677183        -0.4431444877238613      -2.243032340598333       0.49712098343620426      0.25225718537866726
0                         0                        108.53645505256597       -0.44306624541680756     -1.6124747126235341      1.498239554717557        -0.12223105699838044
0                         0                        109.88026369077933       -0.4431829486764287      -2.3165534032798725      0.3803936646861388       0.2959213523315416
0                         0                        107.19264641435265       -0.44351145897693345     -0.9083960219671212      2.6160854447489754       -0.5403834663282829
0                         0                        108.71777913258883       -0.44304919736571546     -1.7074781358912006      1.3474052976266364       -0.06580851380657293
0                         0                        106.68098226066802       -0.4448077693370243      -0.23645093523511207     2.3223668429459536       -1.9865259917694402
0                         0                        107.16393317814628       -0.44359902901618176     0.04556517980356034      1.9646759482332357       -3.019118586581193
0                         0                        104.24266927736124       -0.4477591528605203      2.9113437893773266       -2.9538333076366996      -0.8820045513428507
0                         0                        104.45485503431871       -0.44756593994848254     2.657709765139714        -2.505417642104163       -0.9391630407554459
0                         0                        105.46182576901464       -0.44648365619242764     1.4540378345043052       -0.3773697530980371      -1.210420296205605
0                         0                        105.88619728292944       -0.44594573186416847     0.9467697860294066       0.5194615779668652       -1.3247372750307331
0                         0                        104.5645251711994        -0.44746132182314374     2.526616714623188        -2.273649930059918       -0.9687059254790231
0                         0                        106.05106749715674       -0.44572366098403227     0.7496939006779044       0.8678845253848237       -1.3691499280263173
0                         0                        106.1055375566909        -0.44564868368317817     0.684583684996106        0.9829970020554981       -1.3838230444779178
0                         0                        103.02351278570792       -0.4486342593413024      4.368649744250135        -5.530296862175248       -0.5535888064800716
0                         0                        104.61106346350223       -0.4474159481908828      2.4709876539022275       -2.1752997881137333      -0.9812423865780211
0                         0                        99.1731597208571         -0.44374944517094955     1.541263036796341        0.9015582339093626       2.0647370378904952
0                         0                        100.29498389463942       -0.4458055211300673      0.8699765873262137       0.45183933811757626      1.6008569244601958
0                         0                        100.38183144840875       -0.44594299220695655     0.8180080281014206       0.4170237343035552       1.5649450106013383
0                         0                        101.09833625328253       -0.44695814035902587     0.38925994285529675      0.12978999731693275      1.2686665581255028
0                         0                        101.21061668194346       -0.44709798027584036     0.32207264910437816      0.08477881679822818      1.2222380186088033
0                         0                        101.70267211705836       -0.4476493304976442      0.027632438507808388     -0.11247725248598073     1.0187705444810007
0                         0                        100.46332092822705       -0.44606914581391865     0.7692456775880441       0.3843560848278358       1.5312486881072207
0                         0                        99.06099077975915        -0.44351524446923907     1.5104777913137752       0.9486701910502815       1.7849730800041046
0                         0                        96.88198796782497        -0.4403469930350587      1.7409092004066622       2.0729377849286754       1.1230097980611955
0                         0                        97.56115612899316        -0.4411797704740003      1.6690865870847187       1.7225175146043896       1.3293355460114986
0                         0                        97.64831160064719        -0.44129678315350274     1.6598698214919922       1.6775492053056982       1.3558126674449116
0                         0                        97.7411976949951         -0.441424029828513       1.6500470376532679       1.6296241520541181       1.38403070531277
0                         0                        96.23563242153519        -0.43968458781708775     1.8092618516702004       2.406428219561119        0.9266522548856937
0                         0                        96.38690442890956        -0.4398282402316532      1.7932647076443011       2.328378657247389        0.9726074569253935
0                         0                        98.94102269322677        -0.44330329080234326     1.5231645189647995       1.0105683360407978       1.748527753795961
0                         0                        94.82295324242321        -0.4386786584599942      2.511202869959991        2.350681495142057        2.789757421377942
0                         0                        92.08943339466164        -0.43381438295064567     3.2674599994693256       1.3384305616483267       0.13118630243443263
0                         0                        89.35591354690006        -0.4379614577370767      3.4481255219066185       1.0317358127747838       -3.1654242208655035
0                         0                        86.62239369913848        -0.4511198828192874      1.276712901982453        -3.939076070338075       -6.693611521057879
0                         0                        78.42183415585376        -0.48669853978689354     -0.42044838218324543     -4.782982621190172       -1.7265409456521041
0                         0                        81.15535400361533        -0.47708279558715466     -1.1307852698326712      -4.1761236130267605      -3.9281398559919154
0                         0                        83.88887385137691        -0.46522324326461895     0.2029737246198664       -2.5454764620895673      -4.748989254482154
0                         0                        76.45023557094383        -0.4857588940577685      0.14192186672463158      -9.329123037312803       1.2724009651000014
0                         0                        76.70499162135127        -0.4860568495992501      0.22456602469783427      -9.58432213132112        1.0667430199397945
0                         0                        77.27493558105867        -0.48653371745823965     0.40945874291423934      -10.155257274648388      0.6066420589521648
0                         0                        77.34071499023635        -0.4865718755050651      0.4307979176846253       -10.221151080113188      0.5535400497802314
0                         0                        76.02814265566852        -0.4851499096733452      0.004992779020569493     -8.906296064633212       1.6131456166337332
0                         0                        76.25959582461888        -0.4855016542733853      0.0800773637734764       -9.138151751385458       1.4262994826516848
0                         0                        75.50215012464824        -0.48418973362337453     -0.165641872273536       -8.379388785466134       2.037765730370838
0                         0                        75.17847665900143        -0.48348787609185506     -0.27064319013770444     -8.055152422657525       2.299058915523279
0                         0                        71.8736752947132         -0.4806035171286435      -0.39547776663959766     -6.182461822665308       1.959973790803021
0                         0                        72.02003533020779        -0.4808833319132896      -0.37417668096010104     -6.299288067350519       1.8636763429279704
0                         0                        73.52607597685731        -0.4829439378839003      -0.1549891087328774      -7.501426837655821       0.8727783141158625
0                         0                        73.8187960478466         -0.48317122941818813     -0.11238693737377048     -7.73507932702622        0.6801834183656545
0                         0                        72.84532556399753        -0.48219733993941266     -0.25406480806367604     -6.95804411686361        1.3206774088158983
0                         0                        73.0090900349371         -0.4824047972737758      -0.23023069914894734     -7.088762779837911       1.2129287289881177
0                         0                        73.23469898818728        -0.4826617002485505      -0.1973958093033623      -7.268846411865617       1.0644895301157078
0                         0                        74.60292747325462        -0.48350230864352695     0.001734725826118222     -8.360981947645904       0.16426488356717783
0                         0                        74.68376870040072        -0.48351343806972547     0.01350027302660095      -8.42551033445114        0.1110754741020159
0                         0                        70.22127461256903        -0.4764666138260851      -1.3372693583331277      -4.376336223419955       3.0758291795166883
0                         0                        67.48775476480746        -0.46645240843021857     -0.5878644256312509      -1.8708876181241862      3.0975076327579307
0                         0                        64.75423491704589        -0.4595324166406115      -0.842819281122706       -1.5393621340026016      1.9655555056156315
0                         0                        62.02071506928433        -0.45570663845726395     -2.0786031404992187      -0.22301621341435318     2.1316844218078277
0                         0                        55.01675759087096        -0.45163434694338034     -0.7016992506400896      0.4156464085976257       -0.956135471420474
0                         0                        55.41899678769987        -0.4521839555215238      -1.2316890697784366      2.4914610331309746       0.7475038073605447
0                         0                        54.984687786212035       -0.45166201905292014     -0.6654836258653205      0.5279364468345467       -0.7696068481081966
0                         0                        54.92440768075805        -0.4516978436583708      -0.8547706411672937      0.3905384062608164       3.0364641765827116
0                         0                        59.512301637006864       -0.45326421537763395     -1.4538319840277438      -0.4315784554434394      0.7031827424434454
0                         0                        59.51306107543445        -0.45326474946382717     -1.4537961133205322      -0.43172309074632054     0.7033465395445688
0                         0                        59.832852138685105       -0.4535007018976167      -1.4386913580692031      -0.4926274058076556      0.7723196744580179
0                         0                        57.00388820472947        -0.45217889238428216     -1.5723123773776564      0.046149722544527094     0.16216343963833424
0                         0                        57.00755248124754        -0.45217948804393787     -1.5721393018720846      0.04545185985489297      0.1629537576543072
0                         0                        57.644989208086024       -0.4523271792846257      -1.5420311254607668      -0.07594817818375077     0.300437303667465
0                         0                        59.506794857870915       -0.4532603463758142      -1.4540920868280907      -0.43052968751343457     0.7019950300151478
0                         0                        56.99287464645745        -0.4521771194687301      -1.572832582978421       0.04824725840485655      0.15978801478169657
0                         0                        55.457126277486935       -0.4521860706182904      -1.6453708928522701      0.34073104944006616      -0.1714450671230736
0                         0                        55.446816028251924       -0.45215530738937915     1.7051440423821305       -3.6997278184758073      2.963411543802806
0                         0                        55.45225141623824        -0.4521714729659162      1.7279924347972155       -3.722890600613198       2.9848580471285686
0                         0                        54.90122639730038        -0.45162643179677686     -0.8579487302968651      0.337511705301651        3.1247012933404648
0                         0                        54.63037482057889        -0.4506404818661041      -0.6688001710666658      1.6310283324815913       3.3600477021185213
0                         0                        54.50411026119918        -0.45021823505738745     0.6826885937528786       0.582918687999971        2.144979177086398
0                         0                        53.40901491789138        -0.4475222315885593      0.6034257075389533       0.7795859905791289       2.778799351063949
0                         0                        53.54082111880281        -0.44788346703086923     0.6129658265513775       0.7559150196861815       2.7025124508378866
0                         0                        51.74965292975419        -0.44211436623628597     0.4833212606911026       1.07758949155631         3.739206232930517
0                         0                        51.88626910401121        -0.4426198011100901      0.4932095250703785       1.0530547013720497       3.6601354124171515
0                         0                        51.74651379660177        -0.44210262551833795     0.48309405056246035      1.0781532459849608       3.7410231029710665
0                         0                        51.98520993926797        -0.4429791050386549      0.5003708523601045       1.035285995383239        3.6028703552701487
0                         0                        51.98659275766173        -0.44298408660068406     0.5004709406105796       1.035037656126601        3.602070006514852
0                         0                        52.23509294394887        -0.4438613311327749      0.5184573580583081       0.9904097051211567       3.4582428664686056
0                         0                        51.74435909040662        -0.4420945633691119      0.48293809315377345      1.0785402079584294       3.742270205576169
0                         0                        51.503308920281555       -0.4411756734164138      0.4654909070952904       1.1218302164809089       3.8817854192054106
0                         0                        53.60597152671242        -0.44805830847994726     0.6176814062499218       0.7442147096959673       2.6648046447291414
0                         0                        50.42959875973314        -0.4366741362247233      0.3877758781688456       1.3146569710803604       4.5032282597023965
0                         0                        47.222930241720974       -0.4325223531664897      0.055349267580442785     1.8745236549346025       0.745225388878028
0                         0                        47.34229686874831        -0.43261374987408097     0.04857628546207238      1.8311571808738378       0.7861357606716268
0                         0                        48.826264500727056       -0.4341577216293827      -0.03562552609869085     1.2920245487304918       1.294734093939733
0                         0                        48.951637091740764       -0.43432273935156646     -0.042739292636404524    1.2464760788480582       1.3377028821079842
0                         0                        49.01058928263024        -0.4344021954202142      -0.04608429906470901     1.2250584622100096       1.357907491280606
0                         0                        49.064997754781835       -0.4344765843789476      -0.049171490335379264    1.2052916006088275       1.376554837527049
0                         0                        49.29898159632302        -0.4348080578990957      -0.06244796814336517     1.1202841370693513       1.4567478210227849
0                         0                        49.51216259415781        -0.43512639670159553     -0.07454407173836408     1.042834447461022        1.529811072435244
0                         0                        48.56857136443026        -0.43383545711946114     -0.021003759130571564    1.385645713952117        1.2064152541006092
0                         0                        48.70998442101871        -0.4340094868730351      -0.029027677770394833    1.334269665192656        1.2548815705710081
0                         0                        45.619595982714884       -0.43176803083604437     0.5642751584506982       0.8614131767709807       -0.0064205530785983456
0                         0                        43.797077657062324       -0.43138317932485387     0.8208261709460709       2.679905862550747        0.20974223577100926
0                         0                        43.82434608248947        -0.4313888992457129      0.7721238490860189       2.6667128267124482       0.20978480104540154
0                         0                        44.00225292422586        -0.4314262461001671      0.4543762662458537       2.5806377672933394       0.21006250881246658
0                         0                        44.06334156014004        -0.43143908144492316     0.34526991479081914      2.5510818046624237       0.21015786652054658
0                         0                        44.60801781286626        -0.4315537809927955      -0.6275401303151114      2.287556015772033        0.2110080914159198
0                         0                        43.34616095895349        -0.4312887617415363      1.626178508652517        2.898068813474806        0.2090383670038598
0                         0                        43.59643964301764        -0.43134112847816863     1.1791723894856732       2.776978739636732        0.20942904525896275
0                         0                        42.95118137540341        -0.43120631761720507     2.331625284725657        3.089168215788817        0.20842181455929776
0                         0                        42.91876441950605        -0.4311995620366156      2.3895230545859363       3.1048522185950844       0.20837121256811386
0                         0                        42.58486147316904        -0.43113007329216324     2.9858849092864403       3.266401463501346        0.20784999910190294
0                         0                        42.13389003379092        -0.43189622118451004     1.8189341400578911       2.6563238953335233       -1.489716216575232
0                         0                        42.37614982672438        -0.4315081016468943      2.021864716433207        2.7504816757107697       -1.7144435238108429
0                         0                        41.17848624921852        -0.4328961333096015      1.0186336100906779       2.2849923647067074       -0.6034555736931964
0                         0                        40.609356855433326       -0.43311443178489906     3.421562846163816        6.012440562607413        -3.986244917013991
0                         0                        40.77306722663407        -0.43249035746511233     7.244169941289179        4.335235663270209        1.1694483429065983
0                         0                        41.12536417837426        -0.43285074584313943     7.987666055319902        4.341966178957218        0.876486918509471
0                         0                        40.815080044369346       -0.43253875538808356     7.332834820651243        4.336038304131659        1.1345115236526766
0                         0                        36.3857190223686         -0.4323238224210036      2.6489811511401156       4.538221881367873        1.173419807621758
0                         0                        36.5533972689795         -0.4325908676832926      3.0226999858272023       4.824988176906575        2.0117907690231114
0                         0                        36.620432721277766       -0.43273696309544724     1.959251447737941        3.325947110836829        0.21616239630451162
0                         0                        36.12765981486474        -0.4321874929963109      2.0738225467423472       4.096884472006393        -0.116845031535032
0                         0                        35.49937610863345        -0.43232107968553257     2.2342384019550607       2.2585338939884814       -1.1232297926318893
0                         0                        35.84442451369262        -0.4324407430584868      1.5751063253599682       3.536954649789891        -0.3347098129327364
0                         0                        37.53697086654272        -0.43290949005488744     1.6101262198572037       3.046141692416171        0.160312844429356
0                         0                        39.02333899198665        -0.4330804620460829      1.0439428992926771       2.592375684514085        0.06974051620021626
0                         0                        39.13666824580065        -0.43308797437470403     1.000773826878424        2.557777954516098        0.06283476102513319
0                         0                        38.495445629201065       -0.4330351560239025      1.2450266092630335       2.753533650517762        0.10190787104709953
0                         0                        37.71156176356205        -0.43293655050344554     1.5436215282383596       2.992841696943792        0.14967409097386408
0                         0                        39.36237853393258        -0.4331006046475069      0.9147968752521187       2.4888719717821743       0.04908103074025405
0                         0                        39.67349440363148        -0.43311292547593233     0.7962874608136019       2.3938929394875714       0.030123083388403415
0                         0                        35.264291586672684       -0.43250308938557597     2.2944069546489523       2.081426183287409        -0.4252319991146294
0                         0                        33.24902002316359        -0.43290990172810206     1.1265197309809256       2.2892216531119267       0.14402118309538992
0                         0                        33.49416114619883        -0.4329348931341037      1.2673600218165366       2.2762871669797597       0.05987284898177592
0                         0                        31.27505778459809        -0.43195683896076803     -0.007575651857488097    2.393374668664677        0.8216130612827328
0                         0                        31.35631902117217        -0.43202247089847534     0.039111154709448925     2.3890870472139767       0.793718934010073
0                         0                        31.23374845965449        -0.4319226057959058      -0.03130899070840165     2.3955542902801312       0.8357931010668977
0                         0                        34.36339651428029        -0.43285725639412986     1.7667595535205654       2.2304233287350215       -0.23850511090930127
0                         0                        34.59784434628756        -0.43279190547645435     1.9014562557174925       2.2180530573001533       -0.3189828139388169
0                         0                        31.87315677223504        -0.4323868481357335      0.33604860148805926      2.3618169154593716       0.6163066939890456
0                         0                        31.90816062121647        -0.432408210946202       0.35615927165988914      2.359969992374232        0.6042911025497943
0                         0                        29.21847689614545        -0.4295412015889881      1.3867397575412497       -3.852250557925359       2.2336900693767188
0                         0                        27.481614698870416       -0.42774501447648205     1.596193280678046        -1.2349534725857314      0.5238435307549238
0                         0                        27.61662886631358        -0.4278210966421197      1.387786964618213        -1.2005405640511029      0.603181389346295
0                         0                        25.74475250159537        -0.4277215135372774      4.277193792644656        -1.6776513098858175      -0.49678215623526256
0                         0                        25.7988870213269         -0.42769548150667114     4.193632370591152        -1.6638533040071266      -0.4649712955477625
0                         0                        26.014780836481737       -0.42760879174867683     3.8603811605247693       -1.6088254928166705      -0.33810643905251325
0                         0                        26.39012878327612        -0.4275232783653715      3.2809983867502126       -1.513155424954281       -0.11754216132318263
0                         0                        25.524564506789417       -0.42784514387144545     4.617073449032993        -1.733773637410124       -0.6261703850874838
0                         0                        24.71777666008043        -0.4285415754141516      5.8624218903018654       -1.9394106968489382      -1.1002600403258214
0                         0                        24.803682186044714       -0.42844922526657614     5.729819108427497        -1.9175147798232786      -1.049779704815613
0                         0                        24.41293280664989        -0.42890428690865917     6.33297535643138         -2.017110421582217       -1.2793942674512522
0                         0                        24.161860194175325       -0.4289327779407452      7.51148540425574         -2.1712757323893968      -0.5910249900533202
0                         0                        22.141982478690295       -0.4306816419781417      5.774257862755476        -2.3629387784381226      -1.264324568295831
0                         0                        22.874136079410416       -0.4298617182719255      6.411084459823975        -2.2888428877359335      -0.975434152851979
0                         0                        23.265010403250646       -0.4295105883259967      6.75106662379585         -2.2492853670884987      -0.8212044315346771
0                         0                        23.42569391300023        -0.4293837281352412      6.890829007834213        -2.2330237687513197      -0.7578025363026426
0                         0                        22.066589767478423       -0.4307780842328891      5.708681344825791        -2.370568721231921       -1.2940727408678283
0                         0                        23.11422498082687        -0.42963889957386947     6.619913587936686        -2.2645452526759424      -0.8807007766786601
0                         0                        23.1628170748605         -0.4295965703139668      6.66217895118492         -2.2596276035856953      -0.8615274908833399
0                         0                        23.804861925546493       -0.42912475744745315     7.220629031913276        -2.19465095792612        -0.6081918472891248
0                         0                        23.86456052529394        -0.429089152365425       7.2725548246561615       -2.1886093009328214      -0.5846361982210437
0                         0                        21.018954554129966       -0.43235033191780453     3.041920259364737        -2.9339736594573225      -1.5254476730170126
0                         0                        23.930142339565403       -0.4290516593940047      7.329597832531846        -2.181972246990167       -0.5587591724824512
0                         0                        18.47717311565208        -0.43705036100813655     1.1440528120679394       -1.9279292023811871      -2.0470060902631446
0                         0                        18.547805832629013       -0.4369061638379731      1.2058036829350494       -1.943707545704245       -2.036007457425213
0                         0                        19.616182333474516       -0.4348198105517414      2.139835136980711        -2.182367644736038       -1.869644313426365
0                         0                        19.783380193379468       -0.43450938655158516     2.286008382158574        -2.2197172661207         -1.8436089582667528
0                         0                        18.21341011281906        -0.4375957021285664      0.9134571925793207       -1.8690083029349323      -2.088078167744409
0                         0                        18.328897583679943       -0.4373555936808028      1.01442247050044         -1.8948065596457058      -2.0700949392386248
0                         0                        18.97768392417025        -0.4360453166056299      1.581625931540187        -2.039736190866008       -1.9690686294105353
0                         0                        17.924060546884363       -0.43820640515200404     0.6604924413108293       -1.8043717295863075      -2.133134478385392
0                         0                        17.888566900471577       -0.4382822159582555      0.6294620113621434       -1.7964429543266611      -2.138661401342338
0                         0                        18.84166377183624        -0.43631459010744916     1.4627098934548473       -2.0093512254529045      -1.9902491216541796
0                         0                        17.312231471878544       -0.439540663776968       0.1255989837115834       -1.6676978252876786      -2.2284059565835754
0                         0                        16.807804047393375       -0.440458146074146       -0.558391020890644       -1.4414438499206668      -0.9966519161369263
0                         0                        16.985650328851168       -0.44022934008923464     -0.36767418043376354     -1.4545382373925477      -1.5764239225699868
0                         0                        16.71440516277764        -0.4405370133567919      -0.6239242864270889      -3.3258248146584393      -4.385348575446986
0                         0                        14.414230977670671       -0.4498887992537626      -0.6212692514227918      -3.634893894194093       -3.746023350662698
0                         0                        14.671798333110392       -0.44891472631152707     -0.6215665551439749      -3.6002851650031005      -3.8176132800167064
0                         0                        15.949128877855014       -0.4438116272633953      -0.623040946661952       -3.428653217178095       -4.172642756884167
0                         0                        16.443488415858273       -0.44171487766467993     -0.6236115738286347      -3.3622272706737952      -4.3100482302629315
0                         0                        15.928353704978994       -0.4438982546560927      -0.6230169663861869      -3.431444729055542       -4.166868371555067
0                         0                        14.171540554500837       -0.45078973791209365     -0.6209891197819566      -3.66750364444119        -3.6785684116625603
0                         0                        15.44297285863924        -0.4458880314174827      -0.622456703104481       -3.4966642295498076      -4.03195849355482
0                         0                        15.181303407989654       -0.44693355615990893     -0.6221546644347313      -3.531824147776213       -3.9592284014431085
0                         0                        12.900108250362402       -0.4552421328406247      -0.07255658818070287     -5.840043107064503       -1.6608134757150168
0                         0                        15.409760413665518       -0.44602178932038306     -0.6224183667887022      -3.5011269088824832      -4.022727212730106
0                         0                        10.786554591313202       -0.4612753914986339      -1.5933438858687512      -5.324715956966486       -2.0254488582032266
0                         0                        11.146898479408542       -0.46049459653707925     -1.556252435543451       -5.575366866983458       -2.3081612700638914
0                         0                        9.09215605441903         -0.4635810745072556      -1.767754223434518       -4.146112547182707       -0.6960867881248038
0                         0                        9.242880591388277        -0.4634672453442179      -1.7522396223534487      -4.25095473710558        -0.8143396537371332
0                         0                        9.393688708454727        -0.46333551462385136     -1.7367164180821166      -4.35585506434699        -0.9326580931850676
0                         0                        11.540941934511395       -0.4595241710659517      -1.5156921715184446      -5.84945879380858        -2.617313108766787
0                         0                        10.09095328555967        -0.4624944866280091      -1.664944548821357       -4.840863986512176       -1.4797059461131443
0                         0                        10.18177561866038        -0.46235686047156715     -1.6555958900320422      -4.904038917997504       -1.5509617705908099
0                         0                        8.822609302809363        -0.46374020105747105     -1.4825644527500685      -3.8253920192692306      -1.6462726302079118
0                         0                        10.732054441878994       -0.4613846135838508      -1.5989537758994852      -5.286806303152325       -1.98269006805209
0                         0                        7.851405645673126        -0.4630697626887602      -1.252067914612212       -4.933285977329561       3.0269065761050693
0                         0                        7.996716062055768        -0.4634588035199173      -1.2865545515657288      -4.767524109393051       2.327710674905185
0                         0                        8.754086780079245        -0.46384171144355446     -1.4663019478082333      -3.903558620440762       -1.316560086362435
0                         0                        7.825761589694627        -0.4629905583847032      -1.2459817903648513      -4.962539259553068       3.1502990986555157
0                         0                        7.779732657477381        -0.46283723141206357     -1.161356889988653       -4.943868901813069       3.4201792671849205
0                         0                        7.770411967902133        -0.4628051848539923      -0.8777337913418819      -3.0769950669685144      1.251479733964743
0                         0                        6.1821950734945395       -0.459443079450475       -1.5779346477927456      -1.9681226278390556      2.9823316747361766
0                         0                        6.1891369242545204       -0.4594637560933329      -1.574874177988856       -1.9729693380153037      2.974766388217258
0                         0                        6.976303520698336        -0.46146775318899        -1.2278342195673488      -2.5225588474038396      2.1169057043505006
0                         0                        6.990187222218296        -0.4614970386417552      -1.22171327995936        -2.5322522677563306      2.101775131312408
0                         0                        6.2103456802434245       -0.45952660208372553     -1.5655238246713186      -1.987777016404333       2.951652910080851
0                         0                        6.633881257734815        -0.46067898589804046     -1.3787987148066323      -2.283484064052992       2.490080325840026
0                         0                        7.5783153178652904       -0.4625446722146212      -0.9624238858439398      -2.942875677088672       1.46082825601016
0                         0                        7.631946942420352        -0.46262145147151884     -0.9387791874539104      -2.9803205818395355      1.4023800668651631
0                         0                        5.388086626290743        -0.45673116363844685     -1.6915308071130681      0.6888766375965014       4.377899858864886
0                         0                        7.754904458715508        -0.4627856464804238      -0.8845706227924239      -3.0661679251613165      1.2683799460620833
0                         0                        2.6463037241867915       -0.44163588902350714     -2.094939001415078       0.7488938809878114       6.651124086679349
0                         0                        2.7083134561351776       -0.4420467169664235      -2.087041118067887       0.7203771344314696       6.5993103212068664
0                         0                        2.1825518231996943       -0.4384615657992337      -2.1540048657714337      0.9621619440791775       7.038623459441525
0                         0                        3.9465286394001695       -0.44957754128766014     -1.929335564941269       0.15095250616952427      5.56468899493604
0                         0                        4.0482000412129615       -0.4501389923195044      -1.9163861641613238      0.10419633570361242      5.47973494009236
0                         0                        3.6375806802750255       -0.4478184646592074      -1.9686847906975515      0.29303005388062786      5.822838104669845
0                         0                        3.085909270885842        -0.44447902138612944     -2.038948542860936       0.5467301307816292       6.283800797554024
0                         0                        3.123654989411027        -0.44471561272423304     -2.0341410509979596      0.5293718056454892       6.252261428719468
0                         0                        4.255870807850885        -0.4512589550980952      -1.8899361306263387      0.008693671310616935     5.306210493848683
0                         0                        1.9914391709711698       -0.4371011365168602      -2.178695163773302       1.035640844126192        7.240405903974704
0                         0                        1.2203658925062815       -0.4311940922387145      -2.2718665182537165      1.1507532293412481       8.081209934939906
0                         0                        1.6163803457999593       -0.43430886323242557     -2.2240147718144354      1.091632819424951        7.6493825613954165
0                         0                        1.2168553488841385       -0.43116571607951343     -2.272290708941295       1.1512773131877836       8.0850379488406
0                         0                        1.8766865744274102       -0.4362631016396926      -2.1925611025222267      1.0527720889334198       7.365535964154873
0                         0                        1.9167660798072703       -0.4365574328600412      -2.1877181622888635      1.046788679066534        7.321831934170142
0                         0                        1.2136833857134999       -0.43113954694343065     -2.01240782367978        1.191797423270259        8.253714915382215
0                         0                        0.946430235772057        -0.4288531885052483      -1.8234273577616094      1.2760912823758304       8.856343010472091
0                         0                        0.80665926682601         -0.4275933031218578      -1.7245922913123337      1.320176204727403        9.17151202824895
0                         0                        0.6868907646914252       -0.4265199248863937      -1.7181025985911127      1.1138732690504298       8.985364673989494
0                         0                        0.5498693434639796       -0.42528509171966794     -1.378737521133587       0.772412849262679        8.6901160266347
0                         0                        0.12181194657373795      -0.4213940680028043      -1.5973970267689026      0.775192027772091        9.48979977499024
0                         0                        0.21607105354706546      -0.4222802689184055      -1.549247760146912       0.7745800470276354       9.313707791698533
0                         0                        0                        -0.4202242369301072      -1.6596207851055098      0.7759828963486086       9.717365131267824
