% Model:              AluminaWithRodsOriginalRydberg.mph
% Version:            COMSOL 5.5.0.292
% Date:               Mar 10 2026, 10:25
% Dimension:          3
% Nodes:              523
% Expressions:        4
% Description:        Electric potential, Electric field, x component, Electric field, y component, Electric field, z component
% Length unit:        mm
% x                       y                        z                        V (V) @ Length=0.168     es.Ex (V/m) @ Length=0.168 es.Ey (V/m) @ Length=0.168 es.Ez (V/m) @ Length=0.168
0                         0                        1.1122453386106963       -0.45778479969519625     -0.280321584227579       0.6249726306313192       9.28763765041577
0                         0                        1.139660231978413        -0.458038588007868       -0.28345453277921706     0.6199278441318725       9.22699301166282
0                         0                        0                        -0.4460863815015147      -0.15321521997395848     0.8296438723898021       11.748041776740026
0                         0                        0.008429343995844198     -0.44618533119763        -0.15417851757672452     0.8280927359246277       11.729395177802223
0                         0                        1.144580510221314        -0.45808396060424605     -0.2840168176068971      0.6190224328679435       9.216108836678005
0                         0                        1.150246862190104        -0.45813614680805775     -0.2846643630470851      0.6179797318978331       9.203574267836617
0                         0                        0.018655536768829667     -0.44630516258833747     -0.1553471573887748      0.8262109500447963       11.7067737596476
0                         0                        0.029602604419225114     -0.44643318488517664     -0.15659817811254584     0.8241965114564138       11.68255769014996
0                         0                        1.1009249138985229       -0.45767951794952577     -0.2790278966059532      0.6270557729942183       9.312679625155194
0                         0                        1.1068318818625185       -0.45773448905703734     -0.2797029394186836      0.6259687947655266       9.299612788326897
0                         0                        2.2708911199609814       -0.4670610501936143      -1.343119818593152       -0.5399988991579647      5.540409498439999
0                         0                        4.527815945245409        -0.47841415967003925     -0.5902986777229131      0.11717293417102326      3.254111353741491
0                         0                        4.685200264361404        -0.47890681155233833     -0.6243991505175401      0.06646054794188672      3.006383784100734
0                         0                        3.743976274572319        -0.4753799125758248      -0.4204640746609982      0.36974180725961503      4.487898161058752
0                         0                        3.9013665955403773       -0.4760667686035761      -0.4545658478774328      0.3190274871132317       4.240161144325384
0                         0                        3.399353532603195        -0.47373981112630825     -0.34579463806774413     0.48078617109626975      5.0303445419339745
0                         0                        4.217334364907658        -0.4773279507450136      -0.5230266093042246      0.21721633053718392      3.742818537197534
0                         0                        4.3896950603256          -0.47794968475116967     -0.5603720147297224      0.16167825529656454      3.471517708644077
0                         0                        3.2441127424343192       -0.47293992964246667     -0.312158603858407       0.5308078692793572       5.2746981336619605
0                         0                        5.190555987380996        -0.48022511350125574     -0.7338946147501204      -0.09637520820499645     2.2109389407331133
0                         0                        6.435845892594476        -0.48235238866421926     -0.4424008967106463      -0.1330322849118044      1.3062147751354658
0                         0                        6.539147496862067        -0.48248387753915645     -0.41577717544899073     -0.1369568044305014      1.2395128710023329
0                         0                        6.1563830068738685       -0.48196213566674034     -0.5144263219221958      -0.12241524215111999     1.486664118049812
0                         0                        6.732265373114633        -0.48271120908798953     -0.366005281348766       -0.14429352374026472     1.114816549396096
0                         0                        6.940616021744601        -0.4829294669107485      -0.3123074744934158      -0.15220894957578857     0.9802844180752146
0                         0                        7.400612568100653        -0.48331208026364864     -0.4900507660005644      -0.4634346646342564      0.6113508893055197
0                         0                        6.136533570033838        -0.4819324990181697      -0.5195420786170062      -0.12166114444982312     1.4994809106117235
0                         0                        6.1306953905750285       -0.48192373377537984     -0.5210467412376942      -0.12143934683695971     1.5032506263807472
0                         0                        8.649572818837933        -0.483774006261496       -0.45597433378868857     0.14764105874496636      0.26584634417864095
0                         0                        8.706195634858966        -0.48378365307314897     -0.22554295828788895     0.10050132957283608      0.1478173780886607
0                         0                        8.725487980263996        -0.4837786206730016      -0.218496972941864       -0.11421283876467214     -0.26760318313251474
0                         0                        8.624885084569591        -0.4837669066350969      -0.5018785855984831      0.1940621827241813       0.30930780498800914
0                         0                        8.32963345453575         -0.48359885079308357     -0.38730336047598257     -0.48636290708556373     0.0060098904618826055
0                         0                        7.657423947596994        -0.4834475952595533      -0.46164806447067974     -0.4697727714079889      0.44401508529009703
0                         0                        7.720393022290006        -0.48347426266685        -0.45468384100973225     -0.47132684864418195     0.4029850469696683
0                         0                        8.956091058811332        -0.4838159388864526      0.26008980366233914      0.02664440831574666      0.09157537905736746
0                         0                        9.01687587216817         -0.48374885893019703     0.20430809727986343      0.26763434756435345      -1.1163998426305142
0                         0                        9.025535372465322        -0.48373917563103863     -0.2789693765318617      0.36717540881650734      -1.392325637639999
0                         0                        9.596157055966803        -0.4827546911531062      -0.10836455098132092     1.0268673323996893       -2.058242423115729
0                         0                        10.336587337691684       -0.4817665536404879      -0.06391864301950623     -0.6685064347573046      -1.3949509358385015
0                         0                        10.351172583160615       -0.48174619058373197     -0.05994973204729881     -0.6720832443809144      -1.3973307297839952
0                         0                        10.91111313895939        -0.4809381896795578      0.092420292880111        -0.8094001495271002      -1.4886931375943036
0                         0                        11.558558367964832       -0.47994014433309307     0.2686019333438274       -0.9681762449144404      -1.5943331996234926
0                         0                        11.678555411150066       -0.47974765433694627     0.30125531462157773      -0.997603694714797       -1.6139124543890058
0                         0                        12.431563896577288       -0.4784861056581001      0.5061626400633599       -1.1822675732229158      -1.7367766899186137
0                         0                        11.229687346415416       -0.4804556507004278      0.1791101377728994       -0.8875256286950481      -1.540673131466928
0                         0                        10.020937843541942       -0.48219874078380265     -0.14981262014597085     -0.5910981970457101      -1.343448151282189
0                         0                        11.108021257128861       -0.4806418907429188      0.14600257864821176      -0.8576888707229458      -1.520821547667591
0                         0                        9.685753623664475        -0.4826398777653874      -0.2410223519810728      -0.508899364954118       -1.2887579934236584
0                         0                        12.438436849288891       -0.47847416502030016     0.5877495415901421       -1.1287392661454965      -1.467767104582908
0                         0                        12.679327113126806       -0.4781201317532355      0.11644736108500098      -0.8405682567205943      -2.0828468819584103
0                         0                        14.723103827454832       -0.4736822891931457      0.24709533971920195      -1.1877338480336803      -2.2599392247411103
0                         0                        14.823392811743167       -0.47345520642831385     0.25350629106477385      -1.2047694098387183      -2.2686292205994505
0                         0                        13.550781993858322       -0.47627212238000016     0.17215492338383032      -0.988597709669606       -2.1583580595622593
0                         0                        13.751359962434988       -0.4758374602832359      0.18497682607485721      -1.0226688332797131      -2.1757380512789277
0                         0                        14.257266239478707       -0.474725652152033       0.2173167739814872       -1.1086044692948924      -2.2195746050482263
0                         0                        12.847268691228455       -0.47776911321272236     0.12718298966601083      -0.8690956084900066      -2.097398944964265
0                         0                        12.79336192059653        -0.47788205131737194     0.12373701116534619      -0.8599387491467709      -2.092727947278391
0                         0                        14.010916111241237       -0.4752698153298133      0.2015688960137645       -1.0667582698838451      -2.198228476066298
0                         0                        15.89542566105135        -0.47097337018846946     0.8288996050782771       -2.976181327453162       -1.1634687417519842
0                         0                        13.856360638302814       -0.47560852865551917     0.19168897127216944      -1.0405047453293612      -2.184836313115861
0                         0                        18.286364464510726       -0.46663665459847237     0.0705188929566134       -1.5091436632665207      -1.3687154603675538
0                         0                        18.53728924943084        -0.4663167749859792      -0.03944609604930349     -1.5064736001499455      -1.2171216365855173
0                         0                        16.785572331416972       -0.46911011473575265     0.11458657691613894      -1.321050230360413       -1.9274907000170103
0                         0                        17.077360874139227       -0.46856354480762263     0.1060188046043038       -1.3576199241061886      -1.8188519290031238
0                         0                        17.675719001782596       -0.4675418713309081      0.08844924498175999      -1.4326118112929294      -1.5960711062646897
0                         0                        18.23461673723593        -0.46670798101743743     0.07203835887129628      -1.5026581497475675      -1.3879821849670009
0                         0                        18.259296087227106       -0.4666738399039066      0.0713137003582176       -1.505751198784445       -1.3787935642369131
0                         0                        16.692405262204474       -0.46929130928404633     0.11732223688585464      -1.309373654040698       -1.9621786826354892
0                         0                        17.4893848633576         -0.4678457374207138      0.09392056492143297      -1.409258658653684       -1.6654470715015162
0                         0                        17.659733201796733       -0.46756743337680895     0.08891863522316612      -1.4306083199827242      -1.6020229426457018
0                         0                        17.168506552465654       -0.4683993108462991      0.1033424986336513       -1.3690431606443099      -1.7849165510605225
0                         0                        18.81399466956782        -0.46608489185368807     -0.3477824252007089      -1.7389302814812386      -1.0916823942760843
0                         0                        18.978740649285932       -0.46591191657992925     -0.404513006229676       -1.792471713262883       -1.008220426474658
0                         0                        19.355558545150707       -0.46556796829759833     -0.5993288397328591      -1.8546752028699274      -0.9255138106071881
0                         0                        18.96279488953639        -0.4659280578277966      -0.3990220545408931      -1.7872894392594905      -1.0162987085005355
0                         0                        19.675629440739037       -0.4652807899506222      -0.6597971707954713      -1.8420443495831904      -0.8689532961143058
0                         0                        20.122868092518665       -0.46490983367595434     -0.7442902478997588      -1.8243951166390815      -0.789920654926247
0                         0                        19.48444827376307        -0.4654501468970618      -0.6236789036957582      -1.8495888695772607      -0.902737389933943
0                         0                        21.147365921213062       -0.4641933000067629      -0.9378400980494916      -1.783965693204081       -0.6088791260446271
0                         0                        21.466575830590862       -0.46400794281105584     -0.9981457701514103      -1.7713688167350483      -0.5524707585407693
0                         0                        21.11073721853978        -0.46421572100341707     -0.9309201420329103      -1.785411159742793       -0.6153518741044071
0                         0                        20.714665671241168       -0.4644733050498829      -0.856093640227833       -1.8010412019425956      -0.6853426505229727
0                         0                        20.507133552988158       -0.46461934112754444     -0.8168863239562754      -1.809230974190342       -0.7220161611232125
0                         0                        21.658708560825612       -0.4639050567647896      -1.0344438081797236      -1.7637867455107425      -0.5185185116392326
0                         0                        22.81028356866306        -0.46342511520933494     -3.2103884274986285      2.0689801601159843       -0.5517163912403351
0                         0                        25.115236204533627       -0.46234518198483154     -1.7272091220400512      0.9852961426413174       -0.10734662835614017
0                         0                        26.267712522468912       -0.4624295936204709      -0.6348952627112681      -0.28107043408098775     1.5651521601909053
0                         0                        23.96275988659834        -0.4626770225144528      -2.3782474268340295      1.4365102756422985       -0.4685272953972017
0                         0                        27.4201888404042         -0.4623701822955758      0.39544688158358277      -0.15660999020172994     0.20378095366664825
0                         0                        28.572665158339486       -0.4628992990667654      0.5603278652143882       0.44520532363452503      0.7144448926352178
0                         0                        29.72514147627476        -0.4640169439340397      -2.453322389745466       4.670204526740008        -2.1317767416620086
0                         0                        31.690878231300506       -0.4670950105030034      1.0940143910838032       1.3360398902436668       1.3460593743393687
0                         0                        31.77939760567658        -0.4672132866871446      1.1008888010212683       1.3460657608524125       1.3262637182041175
0                         0                        30.70800985378763        -0.465663994264116       1.0176848848125104       1.2247183716727577       1.5658589895590467
0                         0                        31.609672436556192       -0.4669849653284652      1.0877079533542293       1.3268423694010032       1.3642194890064019
0                         0                        31.627213833711885       -0.46700886123866586     1.0890702173305495       1.3288291409911555       1.3602966927975402
0                         0                        31.645084853078924       -0.46703313541635527     1.0904580797504586       1.3308532462119569       1.3563001829184955
0                         0                        30.67617765499332        -0.46561403622818864     1.015212797936016        1.2211129970464825       1.5729776487881963
0                         0                        31.6475116615144         -0.46703642623855457     1.0906465455653152       1.3311281110937312       1.3557574738717264
0                         0                        32.57825001243045        -0.46820141896547196     1.1629276367252004       1.4365452849359492       1.147615736806955
0                         0                        33.71551423490924        -0.47013852620799557     0.5738622747652862       1.136800806295855        1.427942254789194
0                         0                        33.84153240375119        -0.4703146277613488      0.535730545636758        1.0877628664058836       1.366917486017222
0                         0                        33.90327002618607        -0.47039809512220904     0.5170494116594639       1.0637386654059133       1.33702081184515
0                         0                        33.9067248851627         -0.47040271145052426     0.5160040088584417       1.0623942627028358       1.3353477834865046
0                         0                        33.93216646958247        -0.47043652809140923     0.5083056617503328       1.0524940800629068       1.323027601240696
0                         0                        35.240765893818825       -0.47175321534410297     0.11233768950344114      0.5432736994188687       0.6893334441754178
0                         0                        35.286082926734466       -0.4717839566506442      0.09862524756017876      0.52563930624747         0.6673885017871157
0                         0                        33.957138796421326       -0.4704694161746279      0.5007493068890607       1.0427765014496497       1.3109346587305524
0                         0                        33.61366525276871        -0.46999058010870326     0.6046806705146858       1.1764336966160842       1.4772630046612898
0                         0                        36.63999938388646        -0.4722437046431762      -2.1433724103902136      3.7378666114795465       2.24996117087332
0                         0                        38.94495201975703        -0.4718006313836963      -0.8614702869978288      1.1559408279429704       -0.16917036714568406
0                         0                        40.097428337692314       -0.47161895243581864     -0.20695397782862202     0.622495899759004        1.5025549707042103
0                         0                        37.79247570182174        -0.4720088821194825      -0.8974623216558371      1.496491413307595        -0.19222662218079217
0                         0                        42.40238097356289        -0.47078402867755803     0.34216549610226643      -0.7208085529136873      -0.20045087364742642
0                         0                        43.554857291498166       -0.47064623728994115     0.16995571031300472      -1.5212920151979148      0.8147469670781078
0                         0                        41.249904655627596       -0.4711082670595172      0.7215183936615546       0.07659324951776625      -0.3622303318806246
0                         0                        45.85980992736873        -0.47169218280503206     -1.2100231830457346      -0.1650539977261598      0.5176840815294312
0                         0                        47.01228624530402        -0.4723256243924615      -1.779572625489358       -0.41807714458868617     0.5506771685747083
0                         0                        44.70733360943345        -0.471132387104192       0.05775060421378697      -1.9570506120701623      0.45378178224307636
0                         0                        49.31723888117458        -0.4751448672703409      -2.6549834645326484      0.3700623047266163       1.6736700363615709
0                         0                        50.469715199109864       -0.47733335417228767     -2.2414657012427384      1.3804209535551486       3.9611648684810348
0                         0                        48.1647625632393         -0.4734756240103988      -2.1240250272254         -0.9121268363351334      1.223123995697392
0                         0                        53.47984943168384        -0.4810020880749411      -0.8252481221222183      0.21947886774725944      0.5369133257547958
0                         0                        53.80710229077122        -0.4811535345686079      -0.4963498207254844      0.13720526899147245      0.6907066861105875
0                         0                        51.97478231539685        -0.47968085930383286     -1.5290493399322145      0.30855735435460474      1.218794119861002
0                         0                        52.601533604464294       -0.4803557558553684      -1.2359671805147556      0.2714626256842525       0.9348402269936216
0                         0                        52.70713290484183        -0.48045194826339765     -1.1865867140881434      0.26521265466128696      0.886997752715061
0                         0                        52.796250429317446       -0.4805291962341783      -1.1449134746855272      0.25993816947413606      0.8466224580185404
0                         0                        52.6946399268841         -0.4804408316647231      -1.1924286948248444      0.2659520606037411       0.8926577805226827
0                         0                        51.65212006183123        -0.47926401636748683     -1.6799330344489078      0.32765435336678905      1.3649784270646705
0                         0                        51.58217756299698        -0.47916743819928315     -1.7126396262837034      0.3317939507829024       1.3966663472449738
0                         0                        53.45973784259431        -0.48099119826946524     -0.8346527265682369      0.2206691867038053       0.5460250166493239
0                         0                        54.15789694559163        -0.4813737447658859      -0.3601958860113683      0.06467659988418362      0.5647867728230125
0                         0                        55.09939673352933        -0.4817463980869429      0.0052284410094429745    -0.12998351151015086     0.22682959466099106
0                         0                        55.77123502615661        -0.4818177804602762      0.26598904775178767      -0.26888966800371605     -0.014330920154264959
0                         0                        54.337424708360935       -0.4814693550535715      -0.29051577271550144     0.027558275752008754     0.500344170833479
0                         0                        54.999592562754685       -0.48172197178891185     -0.03350855331218838     -0.10934846596954628     0.26265491969660815
0                         0                        55.86099890754126        -0.48181504790673885     0.3008291043996252       -0.2874488300697777      -0.04655222114894286
0                         0                        55.8907811741228         -0.4818135022819867      0.31238849598112495      -0.2936064728060188      -0.05724275013486135
0                         0                        56.19208283473812        -0.4817799614418615      0.4293327141012355       -0.35590220093060765     -0.16539684671738542
0                         0                        54.29128462498571        -0.48144588703958574     -0.3084241239780994      0.03709798450673496      0.5169064394366885
0                         0                        57.38457310672158        -0.4813275035274572      0.7901923226057761       -5.164829921487296       4.576720230861412
0                         0                        58.380455042297065       -0.48060302604932126     -1.0008847661655125      -0.6045635843932047      -0.7469893966406289
0                         0                        58.4224107365604         -0.4805716510946507      -0.9441569612865237      -0.607107433222076       -0.7486337945106598
0                         0                        59.37633697787253        -0.47983967703509556     0.3456355838305569       -0.6649456884196709      -0.7860216701470417
0                         0                        59.46024836639919        -0.4797735828816329      0.45909119358839234      -0.6700333860773284      -0.7893104658871835
0                         0                        58.31921042514738        -0.48064870162309314     -1.0836928987100976      -0.6008502136494727      -0.7445889949846052
0                         0                        58.33116503624264        -0.4806397975505946      -1.0675292084761452      -0.6015750431145435      -0.745057540133649
0                         0                        59.253847743573154       -0.47993566220425365     0.18001931874161414      -0.657518946932079       -0.7812208668350316
0                         0                        59.2837724675073         -0.4799122668367274      0.22048018895711152      -0.6593333364987757      -0.7823937267570251
0                         0                        60.18848506199893        -0.4791883852709393      0.3082737499540542       -0.2291298147919747      0.9615128696067359
0                         0                        60.39232006576687        -0.4794007165162221      0.25738597366969884      -0.21662079479922625     0.2887654762642402
0                         0                        60.543820077997424       -0.47943563648447174     0.3351512111202055       -0.19667787661739666     0.17222416638421212
0                         0                        60.251797598247144       -0.47925083763876397     0.4226994325751434       -0.2323453350040836      1.0113149943638717
0                         0                        61.4322101306393         -0.47884174711014066     0.5797804295112504       0.5279811867366231       -0.5241968666383885
0                         0                        61.62357617204709        -0.4787473820824911      0.6335400580936524       0.5591928193062738       -0.4620285572194369
0                         0                        62.8658205724863         -0.47842409156961135     0.9825183673316951       0.761801785364554        -0.058465659160816585
0                         0                        62.961503593190194       -0.47841998451164475     1.0093981816228557       0.7774076016494007       -0.027381504451255978
0                         0                        61.62891756856975        -0.4787449188390588      0.6350405933560207       0.5600639963680916       -0.4602933194035437
0                         0                        62.96417429145154        -0.47841991254248273     1.0101484492541561       0.7778431901802492       -0.02651388554318146
0                         0                        61.79569039010939        -0.4786726721999405      0.6818913557882229       0.5872644964684994       -0.4061145095378933
0                         0                        63.04756070222134        -0.47841883108885525     1.033573830470236        0.791443440230367        5.755193895140565E-4
0                         0                        64.29943101433331        -0.47867411315121594     -0.5495379341486526      2.3842824046318487       0.5714249038415744
0                         0                        66.17765275560802        -0.4797352923804494      1.9712674062726592       -0.5299623381859337      0.4312155888997058
0                         0                        66.35213822356769        -0.47980836478421285     1.9352886315018196       -0.4364379288215332      0.4063602232058372
0                         0                        68.0558744968828         -0.4802939501397119      1.5839794688351674       0.4767666522694345       0.16366386221715068
0                         0                        68.08437706565599        -0.480298557117473       1.5781022601811827       0.49204406156346536      0.15960368586915408
0                         0                        67.57326634427673        -0.48019837562551654     1.6834929138697703       0.2180881333375817       0.23241114679131414
0                         0                        67.92457021115095        -0.4802712324005107      1.6110543156864914       0.4063874057128114       0.1823680905818179
0                         0                        66.82272838188176        -0.47998382082330937     1.8382532880241857       -0.1842010685047386      0.33932489577352776
0                         0                        65.5610796981075         -0.4794423395012236      2.0984043158671852       -0.8604461985731113      0.5190461056779085
0                         0                        65.6924362740259         -0.47950929066949444     2.0713186868179605       -0.7900389244168906      0.5003344286028337
0                         0                        68.10794689379308        -0.48030217204572345     1.5706915358155698       0.48947671560232475      0.1484354307446356
0                         0                        69.51682942197999        -0.48009564712794456     1.116437936551165        0.3158411465752806       -0.441610927845586
0                         0                        69.66111790786904        -0.4800275681752503      1.0699162693885853       0.29805853315642583      -0.5020395966536597
0                         0                        68.27094380749139        -0.4803208031649738      1.5181378748572811       0.4693884106559567       0.08017158797207458
0                         0                        69.00132431067145        -0.48026765210719663     1.282647714560465        0.37937378435565916      -0.22571506167026412
0                         0                        70.10780661630822        -0.479761530556181       0.9258943587610418       0.24300706753309953      -0.689114842861084
0                         0                        69.12768101775231        -0.4802357881752038      1.24190763308858         0.36380114554770837      -0.2786338206192216
0                         0                        70.17098496984866        -0.47971715758499334     0.9055243180250372       0.2352207481290245       -0.71557422233548
0                         0                        71.214288921945          -0.47874266534684196     0.672090512968694        0.952869267294929        -1.1182482458967218
0                         0                        72.36676523988028        -0.47752501892950583     0.41862153070364627      0.5998118711805347       -0.9948475260275973
0                         0                        73.51924155781556        -0.47644958891943506     0.16515254843876903      0.2467544750661972       -0.8714468061586291
0                         0                        74.67171787575084        -0.4755163753166297      0.05019655970312442      -0.2313666443547504      -1.4396257083756865
0                         0                        76.97667051162142        -0.4729361762697437      -0.60034175963645        -1.0445866133984705      -1.3949227609444321
0                         0                        78.1291468295567         -0.47116980286045873     0.24774121088569245      -2.5447556391325747      -2.8259174620290253
0                         0                        75.82419419368614        -0.47438503375513386     -0.35682570144135184     -0.9123135073089372      -1.1194152134546016
0                         0                        82.09795432993982        -0.46213127083132877     1.978355466839055        -6.736975227250369       -2.4488586967519126
0                         0                        82.22375417938002        -0.46182252105487787     2.016688686300604        -6.79405184154478        -2.5237602447854783
0                         0                        80.11355057974826        -0.46682066602937317     1.715621682476808        -5.847367273902076       -2.2773923976554613
0                         0                        80.25244665041421        -0.46650351168730314     1.734011433189437        -5.909634365032811       -2.289393985131639
0                         0                        80.85888506277229        -0.46509924639545736     1.8143034902096264       -6.181500629545558       -2.341794485880037
0                         0                        80.9874888624743         -0.4647973681867902      1.8313305508447133       -6.239153696888659       -2.352906749492014
0                         0                        79.49401594616445        -0.4682150069973181      1.63359569416221         -5.569629975049723       -2.2238602922195128
0                         0                        79.55831784601547        -0.4680718299206097      1.642109224479647        -5.598456508721171       -2.2294164240255725
0                         0                        81.76982836122585        -0.46293015338932747     1.9349117989365858       -6.589876396460623       -2.4205063286980817
0                         0                        80.33094894062276        -0.46632352277009576     1.7444050860867506       -5.944826931927854       -2.2961771295252476
0                         0                        82.31040158296287        -0.4616039784623922      2.035556519879904        -6.868012600952696       -2.520651554043752
0                         0                        83.5815354470706         -0.458428877995432       2.312351221313328        -7.953030985933584       -2.4750464705523996
0                         0                        83.67720316006563        -0.45819226014098435     2.333183264894913        -8.034691329017416       -2.471614153813988
0                         0                        82.41215036094509        -0.46134769096349976     2.057712740729613        -6.954863638343254       -2.517001064000283
0                         0                        82.70087897586299        -0.4606224561816091      2.1205846010569473       -7.201317504691756       -2.506642208051751
0                         0                        83.16383769864281        -0.4594658291309345      2.2213957941705615       -7.596491246724084       -2.490032414385041
0                         0                        84.10392121790561        -0.45714084418449075     2.426102902040469        -8.398930651903278       -2.456304583984547
0                         0                        83.5274652740764         -0.45856275663167384     2.3005772155906          -7.906877600020046       -2.476986372260143
0                         0                        85.0440047371684         -0.4548475662155473      1.7507929172607248       -7.247811027126033       -2.276685489962712
0                         0                        88.35820485184186        -0.44642305030580454     1.212987923708539        -8.81616877134394        -3.0607785520980784
0                         0                        88.38023601562291        -0.44639271574317596     0.7800230313830099       -8.081189985822853       -1.3266027631040558
0                         0                        88.3150326728062         -0.4465540343536635      0.9024366417330469       -8.462793476863737       -2.7931314653228583
0                         0                        88.32178367826373        -0.4465337044146139      1.21545800958134         -8.790806103004087       -3.0155829672245886
0                         0                        86.13434738238101        -0.452270362081385       1.6675726730352505       -7.835949937430421       -2.4495578423187645
0                         0                        86.1571548713467         -0.45221445283982986     1.6595702200137517       -7.842506008208424       -2.453151231814285
0                         0                        87.22469002759358        -0.449505851460757       1.2850046573841425       -8.14937170714714        -2.6213446538207634
0                         0                        87.27030500552503        -0.4493861149698398      1.2689997513414468       -8.162483848703488       -2.6285314328117693
0                         0                        86.72545052001547        -0.4507948960068112      1.460172590682408        -8.005864039475284       -2.542687945712391
0                         0                        87.52837017122467        -0.4487025362401726      1.1784525469521725       -8.236665337697815       -2.6691903872880687
0                         0                        88.14558198473287        -0.4470250704497507      0.9618917256662343       -8.414084445103299       -2.766433992249702
0                         0                        87.1313223823549         -0.44974991350272464     1.317764519544781        -8.122532939780314       -2.606634296353434
0                         0                        90.10033775787332        -0.4420503063688257      -0.2402730990500288      -7.672082627270111       -2.5945694109556285
0                         0                        90.12336256993768        -0.441990545302333       -0.24881874214061384     -7.6681399975799405      -2.596445075992122
0                         0                        88.62829692844048        -0.44578135746402536     0.30607383781051567      -7.924146004075601       -2.47465288315324
0                         0                        89.38996302141553        -0.4438728685585026      0.02338199361226323      -7.793722904692114       -2.5367003151185408
0                         0                        89.57311155867531        -0.44340690933767546     -0.04459345946050597     -7.762361655849328       -2.5516201028180916
0                         0                        90.76598710172767        -0.44030518531155083     -0.48732839314676824     -7.5581008558236675      -2.648795052291746
0                         0                        88.55170490299346        -0.4459706571965296      0.3345009151402749       -7.937261159704795       -2.4684134843774928
0                         0                        90.07541509172765        -0.44211494465618245     -0.23102306872831946     -7.676350234025312       -2.5925391414630923
0                         0                        91.9588626447801         -0.4370875436648015      -1.4969804495055996      -6.884718233465222       -2.7617720830884593
0                         0                        94.26381528065066        -0.431897714078532       -2.678427398700139       -6.623160302808591       -1.625618095429978
0                         0                        95.41629159858594        -0.4303849419396142      -3.361620537327184       -5.929425719795184       -0.9996369581889581
0                         0                        93.11133896271538        -0.4341319146535945      -1.9952342600731399      -7.316894885821917       -2.2515992326710546
0                         0                        96.56876791652122        -0.42944648684070713     -4.870697903516884       -2.789409161753639       -0.6969255979724083
0                         0                        97.7212442344565         -0.42877856144556215     -5.684038449833025       -1.617400843370433       -0.4621878427994219
0                         0                        98.87372055239179        -0.4283811657541791      -6.497378996149024       -0.4453925249872981      -0.22745008762650662
0                         0                        101.3427510201882        -0.429308643616517       -4.934641104980864       -1.6797378700202312      0.6825386959245634
0                         0                        101.60346386226375       -0.4294950388633499      -5.036730649559573       -1.4387336716453731      0.7473505672892884
0                         0                        100.48436288120222       -0.42881434659381856     -4.598514761977244       -2.473235971931466       0.46914782034629354
0                         0                        100.75241326247124       -0.42894903274128116     -4.703477529173781       -2.2254489172258856      0.5357837662082972
0                         0                        101.127496919234         -0.42916748360094903     -4.850352226227557       -1.8787197906436255      0.6290276337508622
0                         0                        100.10823578628998       -0.42865547194201076     -4.451231476974424       -2.820929657730506       0.375644559447494
0                         0                        100.10183230040042       -0.42865307160414495     -4.448724009551675       -2.826849070718932       0.3740526857965847
0                         0                        99.81306690743152        -0.4285554227305669      -4.335649689070877       -3.0937851813332813      0.302267094589439
0                         0                        101.69175961751095       -0.4295619957863216      -5.071305369276757       -1.3571126531184667      0.7693004378272406
0                         0                        103.0573658983418        -0.43130202123723405     -5.712192491013131       -0.9612420273406057      1.4350030370966351
0                         0                        103.44705313380734       -0.43187910743526714     -5.88193057298084        -0.8618635163427193      1.526788602516575
0                         0                        102.51207544741906       -0.4305545451920718      -5.474677512765501       -1.1003026588988671      1.3065672357641738
0                         0                        103.70649571351758       -0.4322831484429518      -5.994937317500472       -0.7957001552816969      1.5878967982835377
0                         0                        104.42297217917263       -0.4334812941072625      -6.307016672396607       -0.612983458809115       1.7566531534453134
0                         0                        102.34603761952368       -0.430340852307272       -5.402355558448965       -1.1426458269675939      1.2674592678157666
0                         0                        101.82012253422363       -0.42970684948649074     -5.173280008283454       -1.276765329306297       1.1435870721830668
0                         0                        105.78857846000349       -0.43609981439640666     -6.674873004759519       1.9274274356389896       2.146911857692224
0                         0                        108.09353109587406       -0.4433397716239451      -5.859210465382205       -0.7794314764573684      3.2036359135645966
0                         0                        109.24600741380935       -0.4470679540995656      -6.246321460326044       -1.0814425487848212      2.4800124890206234
0                         0                        106.94105477793876       -0.43968372505622544     -6.130067058247214       -0.702331896406994       3.1410438179368185
0                         0                        111.55096004967989       -0.45372687283684815     -4.983164316143871       -1.838653686910618       2.3690800518796626
0                         0                        112.70343636761518       -0.456157606135154       -4.642784146803152       -2.4887042623134903      1.2379066010679196
0                         0                        110.3984837317446        -0.4506969888249853      -5.479695502450454       -1.178626622305103       2.8889612019152073
0                         0                        116.62457386217542       -0.4614564370870547      -4.192614628837408       -4.0694971373275735      0.5510291613373397
0                         0                        116.84776987525892       -0.46156925684172984     -4.248549669484067       -4.169243765784437       0.4599185981372642
0                         0                        115.17255578279249       -0.4602260080071232      -3.8287251078379203      -3.4205881094473014      1.143755631499772
0                         0                        115.46632537271098       -0.46054439430609945     -3.9023465571005325      -3.551874173802492       1.0238363174459124
0                         0                        115.83943904877036       -0.4608979874901483      -3.99585238790765        -3.7186192276405645      0.8715280539881389
0                         0                        115.97329849825975       -0.4610109925416819      -4.029398837258091       -3.778441213657219       0.8168854568192323
0                         0                        114.08488087016309       -0.458740510737241       -3.5561434447169837      -2.9345045818206756      1.5877540367544896
0                         0                        114.66400511489529       -0.45959156407280055     -3.7012774805854995      -3.193316063583154       1.3513504587002245
0                         0                        114.6752747137764        -0.45960676732837524     -3.7041017490962247      -3.1983524639960734      1.346750109944395
0                         0                        118.3076363510671        -0.46253098046861835     -4.3083073334739765      -4.960611042762665       0.4200883973878007
0                         0                        118.69478614190425       -0.4626691115672721      -4.306048737671375       -5.12715892367202        0.2934912140330006
0                         0                        117.52184814450874       -0.4620999253790403      -4.312891548646238       -4.6225729920049545      0.6770395207464706
0                         0                        117.77127800858159       -0.46225862712427745     -4.311436398062767       -4.729875168785158       0.5954764694843355
0                         0                        116.99697842690728       -0.46169952579694595     -4.315953589667989       -4.396779406966512       0.8486708361938375
0                         0                        117.09143971481791       -0.4617782334464855      -4.315402511316791       -4.437415687036494       0.8177821898131408
0                         0                        117.96766563407955       -0.4623692654896603      -4.310290690956201       -4.814359116956213       0.5312581208703975
0                         0                        118.30010252237778       -0.46252780631462953     -4.308351285128367       -4.957370066703723       0.42255194383549366
0                         0                        119.61829427522694       -0.46280071017071395     -4.151431103345885       -4.905491949687438       0.6397896488683728
0                         0                        120.77077059316218       -0.46327559303011595     -4.929240131538144       -4.731553013209066       0.2717270649783202
0                         0                        121.92324691109745       -0.4634270281853729      -5.166016046983124       -4.488739167541922       -0.008927469185815148
0                         0                        123.07572322903273       -0.4632550156364842      -5.489171178626606       -4.254506175333649       -0.4881484676218406
0                         0                        125.38067586490331       -0.462950817007513       -6.554839983526634       -6.035714971442687       -0.23156969249708936
0                         0                        126.53315218283859       -0.46262654878492454     -5.5554935194587785      -3.731958574661732       -2.967040226186782
0                         0                        124.22819954696801       -0.4631603059580333      -6.3162186749226095      -2.9158126590065336      -0.13197608672612451
0                         0                        128.544946171826         -0.46100000549455417     -4.636218575819498       -4.378840316005849       -1.0512716797399708
0                         0                        128.63368756675746       -0.460905763880753       -4.609975505715084       -4.370345571404428       -1.0726889335420609
0                         0                        128.9041393605623        -0.46060682676001863     -4.529996084722171       -4.344456650939151       -1.137961005427199
0                         0                        127.5390491773323        -0.46193537682867025     -4.933687703556572       -4.47512951756886        -0.808503902126299
0                         0                        128.1736940849574        -0.46137366026630977     -4.746007187432767       -4.414378315640789       -0.9616720044681442
0                         0                        128.28026669978007       -0.46126980180389776     -4.714490975588447       -4.4041766826247795      -0.9873927263676974
0                         0                        129.13337184718222       -0.4603396280981989      -4.462206253141943       -4.322513436842826       -1.1932850213434811
0                         0                        128.48852648776202       -0.4610589337888957      -4.652903300296899       -4.384241074096053       -1.0376550953492334
0                         0                        129.55084316631974       -0.4598204347825765      -4.302687798660067       -4.29259330609658        -1.0745199067429638
0                         0                        131.19171647212954       -0.4583533310818033      -3.436487910277938       -4.521481614908376       -0.7136787257520467
0                         0                        131.32934861265636       -0.45825718876652255     -3.3638333400925866      -4.540680164712262       -0.6834123158139818
0                         0                        130.38602234646225       -0.4589997137136115      -3.861805428243605       -4.409093921604642       -0.8908573164414335
0                         0                        130.7352946182613        -0.4587019753669634      -3.6774282421585083      -4.457814526250943       -0.8140495467025453
0                         0                        130.84989880769658       -0.45861012602761614     -3.616929886956128       -4.473800866579376       -0.7888471676304079
0                         0                        132.14895444907347       -0.45777092205598774     -2.931171975252134       -4.655008427062182       -0.5031744285177808
0                         0                        130.08998233783262       -0.45927307945574647     -4.018081858315167       -4.367798779148508       -0.9559588851952796
0                         0                        131.1337261866326        -0.4583950872762383      -3.467100376607192       -4.5133924477995855      -0.7264312539518727
0                         0                        133.44801009045034       -0.45730282286769075     -5.556528758174068       -0.12172918952325062     -0.6910716715823106
0                         0                        134.60048640838562       -0.4567491626769116      -4.838106757956496       -2.4288820806406477      -0.3230138236364692
0                         0                        135.75296272632093       -0.4565582913034773      -4.3712777802580405      -2.301595868456495       -0.008223131889391293
0                         0                        136.9054390442562        -0.456730208747388       -3.814146697337989       -2.0425542763260296      0.6099167940556658
0                         0                        138.05791536219147       -0.45672802903027343     -3.289174410500557       -2.6238151534375778      -0.34504137089398057
0                         0                        139.21039168012672       -0.4559349047300616      -3.532733862566019       -2.629247857538516       -1.0313414456012993
0                         0                        140.36286799806203       -0.4543508358467525      -4.104737505368632       -3.0138810984851716      -0.8230408201277442
0                         0                        143.93433634300612       -0.4416622519199451      -3.2612777335903615      -3.4907479633217378      -5.910256194847207
0                         0                        143.96412884781498       -0.44147538677870457     -3.0475439286478263      -3.705234723279255       -6.272934951357492
0                         0                        143.9977357612907        -0.44126454568880796     -3.063708796797414       -3.6980030602200795      -6.274548175832102
0                         0                        144.03731443342215       -0.44101616980631364     -3.08274607069049        -3.689486371492003       -6.27644806118208
0                         0                        143.46581462985853       -0.4442864371024177      -3.230621504153717       -3.4042513366962766      -5.291722747998776
0                         0                        143.81085934694997       -0.4423819684860218      -3.2531984087372905      -3.4679521284116674      -5.747244215180302
0                         0                        142.086863672506         -0.4503282974096764      -3.1403942302741648      -3.1496748619120254      -3.4712579440174327
0                         0                        142.2944276981919        -0.44957935057406423     -3.1539755227001898      -3.1879945118382693      -3.745280019508275
0                         0                        141.5533574463767        -0.45199235431194984     -3.105485945737275       -3.051181051382139       -2.766933180185392
0                         0                        143.18623954071893       -0.4457142768170141      -3.2123283966262903      -3.352637288893547       -4.922633037349641
0                         0                        142.7438468946914        -0.44776282633634734     -3.1833818396638804      -3.270964507351991       -4.338594687516249
0                         0                        142.57001684795765       -0.448497058575358       -3.1720078229510307      -3.238872691270238       -4.109107568872965
0                         0                        144.50299991964118       -0.438092178678166       -2.947563354128448       -4.102598215147706       -6.818649077394127
0                         0                        146.48105681379394       -0.4192307457533776      -3.057462928276415       -5.084799329821884       -12.252018688071777
0                         0                        147.3776426124086        -0.4071417213754344      -3.074444086684089       -5.527842725228476       -14.702924518599715
0                         0                        146.4015022628718        -0.4201967573815576      -3.053042928379739       -5.0452966396696635      -12.03349652086348
0                         0                        145.22347312010092       -0.43246661240703194     -2.9875923837027045      -4.460348076982445       -8.797660502322003
0                         0                        145.68948053934395       -0.4280685834370309      -3.0134834574508673      -4.691743345733212       -10.077699796211888
0                         0                        145.71764914504834       -0.4277836189242781      -3.015048487142593       -4.70573042365983        -10.15507393376165
0                         0                        145.72461772818608       -0.427712785752889       -3.0154356571584984      -4.709190662920864       -10.174215389177814
0                         0                        144.82661965088582       -0.43574169234790505     -2.9655434591268772      -4.26329109597364        -7.707574779358524
0                         0                        144.5180801853429        -0.43798903930492833     -2.948401204032507       -4.110086297935158       -6.860071878541476
0                         0                        147.48185558913502       -0.40559786675678156     -2.948629646862379       -5.560205120167186       -14.925911872971952
0                         0                        147.54017256206166       -0.40472379429165467     -2.878224621391297       -5.578314927302172       -15.050694293706613
0                         0                        147.557444224134         -0.404463524634497       -2.8573728565086505      -5.583678485342553       -15.087650941065789
0                         0                        147.5845466006622        -0.4040538275813793      -2.8246526480676977      -5.592094882614202       -15.145642636812951
0                         0                        148.88733577844656       -0.3805865620118645      -2.7164743691450894      -5.979708360540897       -21.257510118445737
0                         0                        148.8978852548856        -0.38036205580983273     -2.7119809273717976      -5.976647152074662       -21.305019563312428
0                         0                        149.05922254068722       -0.3768661495088532      -2.6432609578254045      -5.929830888912122       -22.031600159896072
0                         0                        150.093300925047         -0.3510127467046696      -1.267980675560235       -6.164630683452058       -27.539511515399113
0                         0                        150.46534140050542       -0.3404272002508153      -0.8176064576702329      -6.038884112360994       -29.365836972890605
0                         0                        150.95505764577345       -0.325457636572809       -0.22477964042980147     -5.873364114639814       -31.76982606729814
0                         0                        151.34690871706715       -0.31263171882109647     -0.8700920656664088      -5.890143898746711       -35.39482400454139
0                         0                        149.9176896194923        -0.3557733020193487      -1.48056723430593        -6.223985836923246       -26.67744564054314
0                         0                        148.2538730582556        -0.393131049060085       -3.0464751425227177      -5.982355301416754       -18.109003736388527
0                         0                        147.94033531869817       -0.3985460109179582      -2.9815743200134692      -5.8062741279387495      -16.432049379044088
0                         0                        152.28949121181458       -0.2759226629194128      -1.2426721858774812      -6.3074728103349536      -41.809838961935455
0                         0                        152.46631897478258       -0.2684347169348075      -1.3479458292273403      -6.4343868290466695      -42.88213314607633
0                         0                        152.59042046299587       -0.26306628355484973     -1.4218291131080392      -6.5234577890186305      -43.6346920306129
0                         0                        152.18733990662818       -0.2801619536414677      -0.28934511984741107     -5.943236884225794       -41.874476761386454
0                         0                        152.2278665799987        -0.2784876644287938      -1.2059842280452244      -6.263243162545976       -41.43614349021294
0                         0                        152.01201147170224       -0.2873852384952607      -0.41049894464971715     -5.932160772147583       -40.522709489024045
0                         0                        152.0891654811625        -0.2842358014207327      -0.35718469845286194     -5.937034861489774       -41.11756031834887
0                         0                        151.97430071171698       -0.28890789852645926     -0.43655748335933        -5.9297784511947675      -40.231962747427225
0                         0                        152.12816851901448       -0.2826262273556718      -0.3302331819080848      -5.939498820167255       -41.41827041202702
0                         0                        151.91821717933345       -0.29115212387341477     -0.4753118044114899      -5.926235457779658       -39.799563498403224
0                         0                        151.75854664027216       -0.29740866072392474     -0.5856458556091653      -5.91614850989256        -38.56851726705637
0                         0                        152.6529438637062        -0.2601293518301373      0.16367995352826425      -4.591242578251098       -47.25367978034868
0                         0                        152.92790267564146       -0.24679752968492707     -0.16159725497933408     -4.646976302520407       -49.71955087464727
0                         0                        153.07772646029787       -0.23924770365520986     -0.3388393011536861      -4.677345351048906       -51.0631926267423
0                         0                        153.11418427665402       -0.23738009104912824     -0.3819690217439691      -4.684735293818775       -51.390151689742055
0                         0                        153.53631768425635       -0.2148525405778843      -0.5760496609811714      -4.663217972982327       -55.05125622564606
0                         0                        153.6567803835515        -0.20816298356300023     0.1050894472190107       -3.610466005523218       -53.82002682427023
0                         0                        155.36182468977282       -0.10109551542263673     -0.11367116573798253     -2.550548095128484       -71.76904760587911
0                         0                        155.4462519774073        -0.09499873130291095     -0.12450335650615507     -2.49806500482795        -72.65781462193648
0                         0                        154.38266160521042       -0.16632267692448938     0.011957426892821532     -3.1592316857766463      -61.46138669098827
0                         0                        154.5515161804794        -0.1557945682023296      -0.009706954643575294    -3.0542655051755503      -63.238920723103675
0                         0                        155.3286802886842        -0.10346847529109986     -0.10941867243221415     -2.571151867250393       -71.42013611908536
0                         0                        154.3163728030332        -0.17037374970385996     0.0204624135043725       -3.2004392300204287      -60.76356371740022
0                         0                        155.2192502120598        -0.11122095608563756     -0.0953785735615027      -2.6391776057762613      -70.2681644592886
0                         0                        154.09751264978448       -0.18342035187698774     0.04854261124575254      -3.336490707072187       -58.45962039780786
0                         0                        156.3409877743351        -0.02577547286474126     4.1246911519166325       -10.667620540846933      -82.3991852630304
0                         0                        155.02361853755588       -0.1247661911787187      -0.07027863635039733     -2.76078941075437        -68.20874759932784
0                         0                        153.9782784887267        -0.19031590554141667     0.06384059386312257      -3.4106110231102313      -57.204441029802496
0                         0                        157.69268782446588       0.09058621193050909      1.808432393693458        -6.656779127772774       -88.7841330581195
0                         0                        159.04438787459668       0.21424356134621586      0.30851281209723425      -9.408906046603278       -94.18153214806418
0                         0                        160.39608792472745       0.3451965753823739       -1.1914067694989399      -12.161032965433606      -99.57893123800869
0                         0                        163.099488024989         0.5795004250950205       -0.4279612667071415      -2.3124879550084643      -75.25255170538307
0                         0                        164.45118807511977       0.6735027795358105       -3.514958593865458       2.4498938448685497       -63.063278472725756
0                         0                        161.74778797485823       0.4700650237105416       -0.7827515939158776      -0.1771081792979885      -86.6700603029415
0                         0                        166.15399936515735       0.7685073919344116       1.9794486285848727       -1.4166928259179343      -47.928937805987175
0                         0                        166.32087374021708       0.7763769011697063       1.7754520537571499       -1.2360416046396354      -46.38763095991985
0                         0                        165.3025937201386        0.7243527547308772       3.020254536086213        -2.3383889792123114      -55.79280155965131
0                         0                        165.38603090766847       0.7289757986003366       2.9182562486725203       -2.248063368573469       -55.02214813661783
0                         0                        166.0900889097908        0.7654253685846024       2.0575763458318725       -1.4858796127467784      -48.51923588114991
0                         0                        165.2706384924553        0.7225651672766021       3.0593183947099476       -2.3729823726268364      -56.087950597232634
0                         0                        166.50269934962503       0.7846586813478645       1.5531782533494969       -1.0392048021797322      -44.70822957507295
0                         0                        166.90953932712625       0.8020833834598153       1.0558342969543304       -0.5987768528666209      -40.950521165067016
0                         0                        165.5939505921971        0.7402163402548347       2.664083590540102        -2.0229782114035686      -53.101733255175304
0                         0                        167.04378313208713       0.8078364667968233       1.4814719285067213       -2.0364839256607183      -42.42943649665648
0                         0                        168.101373978396         0.8457912268868406       2.545616298671246        -2.434448286121344       -33.00822762475647
0                         0                        168.2532434025435        0.8507413655368605       2.3982292580435374       -2.3798844497754006      -32.1811767310895
0                         0                        169.73369349291144       0.8924161204254731       0.961474237465552        -1.847986492680974       -24.118937889126983
0                         0                        169.80962820498516       0.8942318845617374       0.8877807171517986       -1.8207045745084258      -23.705412442293493
0                         0                        168.3548568508079        0.85398329112072         2.299614902246038        -2.343376643198967       -31.62780995784054
0                         0                        169.8604349291174        0.8954292502238855       0.838473539253016        -1.8024506712195603      -23.428729055668782
0                         0                        168.484526423867         0.8580386723332936       2.1737724903194007       -2.2967887970728054      -30.921655069310532
0                         0                        169.9252697156469        0.8969368010205037       0.7755523332897951       -1.7791567481568222      -23.075651611404055
0                         0                        167.83234497581935       0.8367139819850613       2.806704985583302        -2.5311053621014246      -34.47330644659561
0                         0                        169.43131985477683       0.8848742350636977       1.2549234023558995       -1.9566236709616547      -25.765605011521103
0                         0                        171.36601300742683       0.9245308528584545       -1.5414956601152312      0.9398718026768336       -16.244622638769215
0                         0                        172.5184893253621        0.9415698190297466       -0.9462357097446699      1.0608124173087532       -13.324689816723065
0                         0                        173.6709656432974        0.9552436317736688       -0.3509757593739664      1.1817530319404739       -10.404756994677257
0                         0                        174.82344196123267       0.9655522910902204       0.24428419099638177      1.3026936465718677       -7.484824172631193
0                         0                        175.97591827916796       0.973237761118621        0.16195279154742792      -0.10770916064856983     -6.018992225053424
0                         0                        177.1283945971032        0.9794257830846416       0.3241853136889574       -0.03914619587107637     -4.719661350244678
0                         0                        178.28087091503852       0.9841163569882844       -0.04123791055371839     0.17158189007315627      -3.8233927963955807
0                         0                        181.7112936853647        0.9926892964570379       -0.027272250568501022    -0.05125702753725392     -1.7417661527404675
0                         0                        181.84828224636374       0.9929243293147986       -0.016445699968699046    -0.05402371481344659     -1.6896569682367613
0                         0                        181.86045574779428       0.9929448701704773       -0.015483597525701498    -0.05426957673996213     -1.6850262806269711
0                         0                        181.96495273078858       0.9931188734718304       -0.007224938075069076    -0.05638004838168342     -1.645276592571065
0                         0                        181.6547015623343        0.9925901170798807       0.08819595277157077      -0.081638689195497       -1.5085388180072812
0                         0                        179.40548113080382       0.9876929893732092       -0.07317259047832891     -0.020981843641514786    -2.8459723166253994
0                         0                        179.5101696462585        0.9879876715610512       -0.06566179562820196     -0.02380507742691229     -2.7837223363537547
0                         0                        180.53009134656904       0.990517576070408        0.007511681146667115     -0.05131026641857517     -2.177255567316351
0                         0                        180.73946837747846       0.9909604096605806       0.022533270847077347     -0.05695673398956558     -2.0527556067727346
0                         0                        180.25985871146344       0.9899074992638947       -0.011875945808128563    -0.0440226484592543      -2.3379415425741286
0                         0                        180.88579635212207       0.9912544192563185       0.03303145580636624      -0.06090289828431139     -1.9657459334076606
0                         0                        181.5259058237174        0.9923908918209945       0.07895560423713732      -0.07816533322042929     -1.585123457240769
0                         0                        180.40434508412076       0.9902390932110867       -0.0015098851283852355   -0.0479191485392203      -2.2520269242571374
0                         0                        183.7122925933779        0.9953478757821325       -0.01604195585251489     0.04361893928557237      -1.0720039006864184
0                         0                        184.1188034586964        0.9957643971586649       -0.005186327535206203    0.040097130528877756     -0.9772469905845576
0                         0                        182.22885636410558       0.9935011504950693       -0.055656228708002686    0.05647069589787179      -1.4177900663505625
0                         0                        183.04187809474246       0.9945768052014523       -0.033944972073278734    0.049427078385718914     -1.2282762461466348
0                         0                        183.50616641963924       0.9951219557838853       -0.021546431426010315    0.04540471434182791      -1.1200515200271326
0                         0                        182.225727843627         0.9934967137690722       -0.05573977396690566     0.05649779984963743      -1.418519318528297
0                         0                        185.19572882265024       0.9966816493434691       0.010676002797637807     -0.01456904943195525     -0.7539233193436417
0                         0                        183.1659943497233        0.994727458829189        -0.03063052208651129     0.048351796638229416     -1.1993449830025895
0                         0                        188.52343742171433       0.9984588698544817       -0.004253882956135158    -0.00532861300786891     -0.3425881061598659
0                         0                        189.06239505534148       0.998626796126644        -0.003499851753325345    -0.007544750166779579    -0.28056392541049036
0                         0                        187.83915739431583       0.9981975007680718       -0.0052112281351544      -0.0025149254355270045   -0.4213362404370571
0                         0                        187.99407911601645       0.9982613938804369       -0.004994484174448033    -0.003151947276846201    -0.4035075795753542
0                         0                        186.51744310848304       0.9975400948478588       -0.007060378700145975    0.0029198248298882845    -0.573441416519131
0                         0                        186.59490396933336       0.9975841688577749       -0.006952006719657788    0.00260131390896845      -0.5645270860883329
0                         0                        188.12864831815085       0.9983146515733574       -0.004806214501755779    -0.0037052816962122037   -0.3880211220214971
0                         0                        187.3882973486233        0.9979958404840051       -0.0058420059942818625   -6.610363011247955E-4    -0.473221997724778
0                         0                        189.16087168014872       0.9986538671041081       -0.003362077570059796    -0.007949675700757552    -0.269231064354841
0                         0                        187.55077326131573       0.9980712086718486       -0.005614693307848029    -0.0013291201822198673   -0.45452398744069455
0                         0                        190.47950996659972       0.9989984020931504       0.0035807059221539816    -0.0021997538941747052   -0.23009385615239353
0                         0                        190.61670605739852       0.9990295248945639       0.003906894107473136     -0.002220495729090999    -0.2236042227409598
0                         0                        190.0288619923446        0.9988899076447393       0.0025092756510254333    -0.0021316231923780293   -0.25141035382701205
0                         0                        190.1441100301865        0.9989185680603003       0.002783281623610634     -0.0021490468361626824   -0.24595890464490822
0                         0                        191.06972436130317       0.9991259679220403       0.004983959914554248     -0.0022889847864462354   -0.20217560401101764
0                         0                        191.1273483802242        0.9991375395592683       0.0051209629010458       -0.0022976966081103      -0.19944987942028547
0                         0                        189.23412956585872       0.9986751657583596       6.197733613291234E-4     -0.002011472474308107    -0.2890026939434165
0                         0                        189.77515110862436       0.9988245997092193       0.0019060697421693362    -0.002093266200963839    -0.26341135632060997
0                         0                        190.3586422798167        0.9989702456644654       0.0032933390508986804    -0.0021814806503783757   -0.2358111253101356
0                         0                        192.11058673026196       0.9993107816010129       -0.006625538092634997    0.004159979843848305     -0.16335796644870015
0                         0                        193.1577179647015        0.9994564105177901       0.0023319873992591056    -0.0029306176307386522   -0.1256045610621932
0                         0                        193.97548164014862       0.99955052316015         -0.0012286046259646355   -0.0036787057908611587   -0.10456619654290122
0                         0                        194.20484919914102       0.9995738305191657       -0.002227284716525446    -0.0038885306586848856   -0.09866532510545767
0                         0                        194.26732328348984       0.9995799443392          -0.002499300621821021    -0.003945681794533584    -0.09705807279160439
0                         0                        194.3065211891454        0.9995837290481507       -0.002669970650799769    -0.003981539940525636    -0.09604963985139747
0                         0                        194.49855010858377       0.9996016990192256       -0.0035060760683052195   -0.004157207514538186    -0.09110936856448149
0                         0                        194.14589259181682       0.9995679688348478       -0.0019705841167478866   -0.00383459730213076     -0.1001820843269634
0                         0                        194.10927650930083       0.9995642833130027       -0.0018111555002917612   -0.0038011010016134605   -0.10112409546577084
0                         0                        194.68109751190912       0.9996179021452545       -0.004300898396451203    -0.004324201421468388    -0.08641302544168283
0                         0                        195.2519804335805        0.9996630416051387       -0.006786556832025781    -0.004846443686858493    -0.07172608914897438
0                         0                        195.49185553296215       0.9996814475297844       5.375590803282648E-4     -0.003214228186152468    -0.07426453883044815
0                         0                        196.62315671213463       0.999751811718513        -0.0014600999405995907   -0.0010196366945507407   -0.056234761441171344
0                         0                        196.66971856793262       0.9997544186863327       -0.001443913788037321    -0.001038893194099444    -0.05574392907871051
0                         0                        196.71748194470055       0.9997570691802327       -0.001427309954159739    -0.001058646604761293    -0.05524043086843733
0                         0                        196.98854080902285       0.9997716553309179       -0.0013330826065645063   -0.001170747913263881    -0.05238306059260012
0                         0                        196.232569441626         0.9997290430383466       -0.0015958785752516746   -8.581022463971522E-4    -0.06035214184749549
0                         0                        196.44254581275416       0.9997414831740461       -0.0015228851443858105   -9.449417821514317E-4    -0.05813867340778245
0                         0                        197.10963953579895       0.9997779215577417       -0.0012909854336040638   -0.0012208304874334885   -0.0511064969088455
0                         0                        197.7339952253139        0.9998077755436077       -0.0010739426125567775   -0.0014790441040872793   -0.04452484390407818
0                         0                        197.84758160290312       0.9998127649567564       -0.0010344569343416765   -0.0015260198100861544   -0.043327471739623036
0                         0                        199.02544463787365       0.9998564863410552       -0.0010057486189225529   7.840162327568123E-4     -0.0336920438892605
0                         0                        196.04774888384333       0.9997177086799774       -0.0016601271694298703   -7.816663535038515E-4    -0.06230042997852081
0                         0                        201.00954192715082       0.9999075710129345       8.446021564623152E-5     3.95544683264859E-5      -0.02024006386679389
0                         0                        201.0838548027516        0.9999090597824785       7.895175576777547E-5     1.9882433026197077E-5    -0.019827543051444962
0                         0                        200.01749328251225       0.9998847602810012       1.5799606435962232E-4    3.021686593456252E-4     -0.025747059963116214
0                         0                        200.3410333751154        0.9998927999457722       1.3401357583120443E-4    2.1652142806516395E-4    -0.023951045184468
0                         0                        200.41839441790515       0.9998946362125786       1.2827916953028762E-4    1.9604248497984145E-4    -0.02352160358096711
0                         0                        200.94040778631796       0.9999061584676013       8.958480079002129E-5     5.785559338633561E-5     -0.0206238368256777
0                         0                        201.65662211235716       0.999919505791634        3.6495238603606595E-5    -1.3173999433035988E-4   -0.016648034309314497
0                         0                        202.00159057178945       0.9999249185368541       1.092436697369692E-5     -2.230597227708131E-4    -0.014733067770539954
0                         0                        201.5731969006887        0.9999180976085473       4.2679152784330654E-5    -1.0965575029686647E-4   -0.017111138933831427
0                         0                        202.66536071113913       0.999934571047986        7.013095253682877E-5     -6.805518756891615E-4    -0.013647237491582587
0                         0                        202.67143911725697       0.9999346539516363       7.06801293404169E-5      -6.841054704409544E-4    -0.013630851046968928
0                         0                        202.2576335749556        0.9999287826183233       3.3293288623781336E-5    -4.4218395709094693E-4   -0.014746406931948286
0                         0                        202.67362634710682       0.999934683758992        7.087774289971094E-5     -6.853841820202433E-4    -0.013624954612808438
0                         0                        202.6753421410719        0.9999347066458224       -3.869254356914098E-5    -4.263929361201235E-4    -0.0133363942519793
0                         0                        203.10974289268785       0.9999402227007544       -1.7674704565706634E-4   -4.2737591486741167E-4   -0.012125532752634172
0                         0                        203.49799790932312       0.9999447000835013       -1.0452777323877172E-4   -3.666042439931516E-4    -0.010938600641381413
0                         0                        203.6595271716635        0.9999464271051994       -7.448173298740812E-5    -3.41320853536331E-4     -0.010444790490204525
0                         0                        204.15368195729567       0.9999512151941059       1.7435943902910367E-5    -2.639732063940414E-4    -0.008934112822711171
0                         0                        204.21030960440515       0.9999517162103166       2.7969246296777328E-5    -2.551095559013561E-4    -0.00876099677814679
0                         0                        204.3511333384609        0.9999529196534854       5.470730073042773E-5     -2.4580011827168846E-4   -0.008201843352594551
0                         0                        204.4245111436788        0.9999535173165423       5.657312889018051E-5     -2.4058578318175705E-4   -0.008088179358367142
0                         0                        205.33459936821254       0.999960236775506        7.971457149785754E-5     -1.7591357105573024E-4   -0.006678430697220961
0                         0                        205.7177771187882        0.9999626820836747       8.945789706982232E-5     -1.4868439480864026E-4   -0.006084879098523288
0                         0                        204.70683048762552       0.9999557390341569       6.375185817375506E-5     -2.205237541375027E-4    -0.007650859869499982
0                         0                        205.8630212856973        0.9999635495378653       9.315112093233324E-5     -1.3836312975712417E-4   -0.0058598923727117835
0                         0                        206.3127433299923        0.9999660282156377       1.045865144981839E-4     -1.064052177568442E-4    -0.005163262054452389
0                         0                        206.31806539796418       0.9999660556729315       1.0472184217080738E-4    -1.0602702371187434E-4   -0.005155018042273696
0                         0                        204.46480408843712       0.9999538419556695       5.7597685593213654E-5    -2.377225070766542E-4    -0.008025764612682451
0                         0                        207.30153142771584       0.9999703763457607       -2.2700275921039292E-4   -3.975294051201672E-4    -0.0035319024219404582
0                         0                        210.72410289282817       0.999978280699297        -2.360624449693205E-5    -2.0654927381258403E-4   -0.0010128959373787438
0                         0                        210.76651347149502       0.9999783361371974       2.4034185128130048E-4    -1.2514962236309657E-4   -0.0012938616081328291
0                         0                        210.8093291363315        0.9999783919636778       2.34699080706946E-4      -1.2780611098150985E-4   -0.0012978386494566507
0                         0                        208.4423885827532        0.9999739972735625       3.0906020792187405E-4    -2.8254618569700796E-4   -0.0027416720341690848
0                         0                        208.4631509226141        0.9999740540337837       3.060331269857386E-4     -2.818546557552537E-4    -0.002725941126808351
0                         0                        209.58324573779075       0.9999766320580751       1.4272698157924424E-4    -2.44547729948863E-4     -0.0018772839858911539
0                         0                        209.62477041751254       0.99997670935847         1.3667281976381673E-4    -2.431646700102874E-4    -0.0018458221706509903
0                         0                        208.64693770271742       0.9999745422296739       2.792376179812095E-4     -2.7573328125996E-4      -0.0025866922333932507
0                         0                        208.67590713963835       0.9999746168467639       2.7501396923668153E-4    -2.7476839818874055E-4   -0.002564743092236199
0                         0                        209.99234397771906       0.9999773366496856       8.308180173344226E-5     -2.3092192101614728E-4   -0.0015673243843821183
0                         0                        210.05028285156098       0.9999774261869873       7.463450396016924E-5     -2.2899215451843702E-4   -0.0015234261016416895
0                         0                        209.46750299385124       0.9999764097010871       1.5960189344355058E-4    -2.4840276601167943E-4   -0.0019649782639703517
0                         0                        210.66430726360574       0.9999782187780243       -1.488823841100384E-5    -2.0854088283783767E-4   -0.001058201019873195
0                         0                        211.25454514571123       0.9999789502937139       1.4345402780691074E-4    -2.883583786115196E-4    -8.570815644759477E-4
0                         0                        211.78969499701222       0.9999793887325135       1.0476833875827651E-4    -2.4303912607592792E-4   -7.814830287884433E-4
0                         0                        212.0034208641945        0.999979552529222        9.692448662690367E-5     -2.2959858429771884E-4   -7.457797836316615E-4
0                         0                        212.2137167003363        0.9999797049221861       9.695137428900047E-5     -2.1950642967943912E-4   -7.035400605337472E-4
0                         0                        212.4048723508488        0.9999798357381096       9.697581494805263E-5     -2.1033281726134945E-4   -6.651448080976508E-4
0                         0                        212.78360235993725       0.9999800732431908       9.70242379736419E-5      -1.9215746026191027E-4   -5.890736364619897E-4
0                         0                        212.81605943420465       0.999980092621264        1.0230734543625886E-4    -1.437064477158856E-4    -5.932396081220759E-4
0                         0                        212.84749190726075       0.9999801111526596       1.020160483378163E-4     -1.4445285643205352E-4   -5.858846515707228E-4
0                         0                        213.86833264353672       0.9999805873240434       9.255551391129657E-5     -1.6869416100995238E-4   -3.4701578384144227E-4
0                         0                        213.98205163121347       0.9999806252733321       9.150163506244091E-5     -1.7139457883352804E-4   -3.204064169342047E-4
0                         0                        213.6329335442242        0.9999804991537635       9.473705036455726E-5     -1.631042769432156E-4    -4.020973596965405E-4
0                         0                        214.57063318100992       0.9999807733278678       8.604701719860941E-5     -1.8537127850493107E-4   -1.8268286856937266E-4
0                         0                        214.8187522206636        0.9999808114523246       8.374760001572668E-5     -1.912632154272842E-4    -1.2462492480835863E-4
0                         0                        214.87019141978243       0.9999808175533601       9.079542604695234E-5     -1.6188775215653095E-4   -1.7937643927723457E-4
0                         0                        214.92101788647702       0.9999808265895339       9.046383183886064E-5     -1.6120081509995998E-4   -1.7619317487316266E-4
0                         0                        215                      0.9999808403102948       8.994854886168469E-5     -1.6013334499120901E-4   -1.7124652092803672E-4
