% Model:              AluminaWithRodsOriginalRydberg.mph
% Version:            COMSOL 5.5.0.292
% Date:               Mar 10 2026, 10:26
% Dimension:          3
% Nodes:              524
% Expressions:        4
% Description:        Electric potential, Electric field, x component, Electric field, y component, Electric field, z component
% Length unit:        mm
% x                       y                        z                        V (V) @ Length=0.178     es.Ex (V/m) @ Length=0.178 es.Ey (V/m) @ Length=0.178 es.Ez (V/m) @ Length=0.178
0                         0                        0                        -0.42673017360867455     1.4055825529755719       -2.1638104985397106      9.409091992870046
0                         0                        0.07996862794867653      -0.4274748416105299      1.422968722974936        -2.180905543755415       9.214911468416894
0                         0                        1.0930216180466075       -0.43556402859252386     1.8851099954533481       -2.5223657728175226      7.25253072675207
0                         0                        2.22389426490581         -0.44281540295191435     1.720040800944055        -3.5249084791022867      5.597032628703573
0                         0                        2.2478242800408808       -0.4429489272502977      1.7219744638062622       -3.5515623334533046      5.56253393486206
0                         0                        2.135247927833013        -0.44231358214534383     1.7128777411254923       -3.4261719532895825      5.724829574321056
0                         0                        2.2124321891293603       -0.4427511546384369      1.7191146088740439       -3.5121417300391613      5.613556924269901
0                         0                        1.6141347729397992       -0.4391345517567885      1.6707692364317097       -2.845742979363628       6.47609208234563
0                         0                        2.0426710153103818       -0.4417774172812122      1.7053970714880773       -3.3230574534152595      5.858293031986413
0                         0                        2.0594889228640367       -0.4418757376323251      1.706756041094808        -3.341789662980993       5.834047504331018
0                         0                        2.0680209386736585       -0.4419254613452174      1.7074454699153279       -3.351292837359658       5.821747328188099
0                         0                        2.3196859774156593       -0.4433449379669673      1.7277812422243315       -3.6316037042767917      5.4589345563129825
0                         0                        2.6563610827262276       -0.44510111975818945     1.7549862458192962       -4.006600927215487       4.973567066296511
0                         0                        2.9409953208953583       -0.44636337464406073     1.8882592164764844       -3.8461054451799015      4.164563758554494
0                         0                        3.353432877759082        -0.4479195831758962      2.1037778403783705       -3.932149652778257       3.3818320821607024
0                         0                        3.3951516924232257       -0.4480590176635339      2.1255779441216163       -3.940853182051967       3.302657338746032
0                         0                        3.4906739470166266       -0.4483658366146006      2.1754929543320003       -3.960781378618286       3.1213734250323406
0                         0                        3.7455651265331817       -0.4490997969923821      2.1922954751334127       -3.834805713671125       3.075043435030564
0                         0                        5.30930205609937         -0.4533704783357039      2.4995975248456155       -3.886318329477149       2.3871046572403145
0                         0                        5.665074208585013        -0.45419190172501955     2.5695130647437203       -3.8980381743302956      2.2305889063328195
0                         0                        4.549966562869283        -0.451431034602313       2.35037462866857         -3.8613043026345863      2.7211610584601704
0                         0                        4.705319667559097        -0.45184846662585276     2.3809042699385543       -3.866421944000585       2.652816170681678
0                         0                        4.440481902274743        -0.4511304724956522      2.3288589504386774       -3.8576976593745016      2.769326924580019
0                         0                        3.993775362587771        -0.44984950249627187     2.2410731901422105       -3.8429822542945082      2.965847672496637
0                         0                        4.8390294921319805       -0.4521992415838076      2.4071806226811283       -3.8708266125178312      2.5939928663546947
0                         0                        3.9296330298730093       -0.44965836111428403     2.22846808378203         -3.8408692778216618      2.9940659726071597
0                         0                        4.94050667035341         -0.45246020753159555     2.4271226885599084       -3.87416947332504        2.5493497523888227
0                         0                        6.624828749610895        -0.4561301022898824      0.21492276457473736      -1.972599625952114       1.058653567498851
0                         0                        9.678638442254496        -0.45709480010036996     2.6873368776262794       -3.88197130862342        -0.708760244304787
0                         0                        11.205543288576296       -0.45523031146988424     0.6252301651248331       -0.25395547633144133     -1.7598459154183672
0                         0                        8.151733595932695        -0.4573947303737029      2.5195290090047564       -4.581857205925772       0.3158997801372692
0                         0                        13.69184248205356        -0.44899997733401925     2.469864624781877        -3.676587696798606       -3.1135265107207024
0                         0                        13.764568251337524       -0.4487722510647536      2.4735638424270547       -3.727230466800151       -3.149075356755275
0                         0                        12.448692885314964       -0.4524928504811041      2.4066314548978767       -2.8109173886642793      -2.5058666117939827
0                         0                        12.48505576995693        -0.4524014067779244      2.408481063720515        -2.8362387736649453      -2.5236410348112717
0                         0                        13.66582453347252        -0.4490808194618166      2.4685412141746355       -3.6584700337078147      -3.100808762151681
0                         0                        12.435683911024421       -0.4525254078742165      2.405969749594277        -2.8018585571186776      -2.4995077375095205
0                         0                        14.332773972452632       -0.4469040209111293      2.5024657935572066       -4.122901931418681       -3.426818141668863
0                         0                        14.89596515592062        -0.4448965462326853      2.4988702599025743       -4.846239638749715       -4.031303734588505
0                         0                        13.000517674376988       -0.451035627750666       2.4347001851008656       -3.195181950577478       -2.775602286749279
0                         0                        14.949438940643835       -0.4446787072880828      2.3516469967065845       -4.3381898339256395      -1.839295906718121
0                         0                        14.993287173962944       -0.44459661904441644     2.3345709180631076       -4.381538634155476       -1.9049025456644415
0                         0                        17.248903360475254       -0.4358014967867719      1.6895473615052268       -3.3994782624546716      -3.5001083261166457
0                         0                        17.304122718084717       -0.43560877903186446     1.6674483681483068       -3.4173126110294163      -3.4799712420074087
0                         0                        17.813859184505894       -0.43388228768839077     1.4634499285985711       -3.581943606697341       -3.294083420376438
0                         0                        18.493872552379948       -0.4317265829555469      1.1913060364946002       -3.8015694039384575      -3.0460999780272857
0                         0                        16.36852425711556        -0.4390242426158375      2.0418783700329612       -3.11513978973575        -3.821160015594387
0                         0                        17.176528848994966       -0.4360557705119091      1.7185119115772522       -3.3761032664110004      -3.526501455050777
0                         0                        18.55559693164409        -0.431539259011473       1.1666037091518753       -3.8215046973393023      -3.0235906792841405
0                         0                        19.183982618724844       -0.42971127712762264     0.9151214079152155       -4.0244561597957755      -2.7944345285860237
0                         0                        19.259194111896235       -0.4295021349734223      0.8850214871643161       -4.048747423658893       -2.767006825158461
0                         0                        16.061332994051412       -0.44021527610399047     2.164817461968795        -3.015925378309092       -3.9331847940372313
0                         0                        15.212663241125501       -0.4436845776670056      2.6864244448336763       -2.6646347535294623      -4.326556052564655
0                         0                        15.143605223962773       -0.44398574492851445     2.5749896902054275       -3.533406473048398       -4.039060399722416
0                         0                        19.33853594971221        -0.4292364723763763      0.6142024504405583       -3.988198151892199       -3.3144157157679075
0                         0                        20.02856826894358        -0.42738529340792414     -0.07611479913921926     -3.4178582391843264      -2.30232648898113
0                         0                        20.47545645468207        -0.4264665108197873      -0.08650579148349635     -3.5395871416777425      -1.8095861435640828
0                         0                        19.86617066247357        -0.42777372518659657     -0.07233874879959501     -3.373622381012183       -2.481386610193997
0                         0                        19.87392075945071        -0.42775452731311114     -0.0725189531569157      -3.3757334477831478      -2.4728413284358304
0                         0                        19.77663758649716        -0.42800031069079075     -0.07025693608504469     -3.349234260172878       -2.580106066627973
0                         0                        20.654935704812324       -0.42615948662461567     -0.09067902222349034     -3.588475908120685       -1.6116917473222117
0                         0                        19.95843895026788        -0.4275494653641377      -0.074484160342422       -3.398755552500276       -2.379651300445996
0                         0                        19.618096582207503       -0.4284232204013819      -0.06657055901260378     -3.306048910753802       -2.7549138859202777
0                         0                        20.771304717731287       -0.4259794012337573      -0.0933848210361532      -3.62017393165074        -1.4833829008334085
0                         0                        20.993736511110306       -0.425676725859279       -0.09855677933782658     -3.6807626403069875      -1.238128892786385
0                         0                        19.989249693421986       -0.42747666989077815     -0.07520056817432419     -3.407148161812458       -2.345679276327232
0                         0                        21.147625319306947       -0.4252636687614262      0.8689306034805497       -3.2643324385184513      -2.0684356417748972
0                         0                        21.629092521031094       -0.4243026671275977      1.0740919971329888       -4.826783136339827       -0.34070211135826867
0                         0                        21.640806209870703       -0.4242989607159322      1.1125979966333475       -4.850401928478902       -0.2921321249238389
0                         0                        21.82723894807159        -0.4243165567951122      -0.23520479478580114     -3.8824163602458412      -1.3094838056517872
0                         0                        22.93577585387316        -0.4231908769868374      -0.4958444770347388      -3.3602344394184342      -0.7214450743584706
0                         0                        23.368224536199538       -0.4229284905294479      -0.5975220004086053      -3.156527298578399       -0.49204669062065376
0                         0                        22.865232890964208       -0.4232430897360846      -0.4792583847348375      -3.393464059181092       -0.7588655645501436
0                         0                        22.017103124248962       -0.42407749391870664     -0.2798457429494121      -3.792979878976027       -1.2087677278260252
0                         0                        22.24951722033112        -0.42381088610972345     -0.3344910468954865      -3.683500042549838       -1.0854804565772334
0                         0                        22.331593801500023       -0.42372358033699975     -0.353788928566388       -3.6448374535233725      -1.0419417990848672
0                         0                        22.35998608688436        -0.4236942110373329      -0.360464535126944       -3.631463123772953       -1.026880718674608
0                         0                        23.509608570930556       -0.42286422482188946     -0.6307642765065397      -3.0899276333405794      -0.4170475742418235
0                         0                        23.713362657679443       -0.4227902609702464      -0.6786710265202096      -2.9939482393861585      -0.30896340127417066
0                         0                        24.379891893909132       -0.4228652228423909      -1.0520541322534598      -3.363819759085775       0.44999003105370416
0                         0                        24.420033966862192       -0.4228841023655345      -1.0951806335377903      -3.415445881541462       0.3361069224669926
0                         0                        23.803431979945717       -0.42277409822838985     -0.7453978230309417      -3.0594532075630703      -0.13383755698263847
0                         0                        25.661252927674614       -0.4237179189708726      -0.8249817363367633      -3.006637749088874       1.0074378213102637
0                         0                        25.861314361466917       -0.423930292356326       -0.7814306945869376      -2.940745474070006       1.115643888420074
0                         0                        25.651437771922385       -0.4237080568644393      -0.8271183813155218      -3.0098704708080284      1.0021291549576592
0                         0                        24.935732346091932       -0.42312935217625425     -0.9829191085728213      -3.245595357195816       0.6150297131997926
0                         0                        25.359436561105582       -0.42343849225155        -0.8906836406573895      -3.106044049714491       0.8441961540045222
0                         0                        26.168233422784834       -0.424298179248547       -0.714617993108611       -2.8396585488514816      1.2816454206331187
0                         0                        26.298839155348986       -0.4244701824797789      -0.6861866477770207      -2.796642217887509       1.3522853855421957
0                         0                        24.49112411985362        -0.42290936297048276     -1.0797051360255736      -3.392031614117471       0.3745570411110659
0                         0                        24.484386973341444       -0.4229068517995008      -1.0811717342772376      -3.394250562079577       0.3709131597602582
0                         0                        27.238241749592365       -0.42597917305022137     -1.0711481380971257      -3.473457451097019       1.500319454928487
0                         0                        28.765172939199132       -0.4283001099870483      -1.412100485955121       -2.929572755647598       1.792075460846616
0                         0                        30.292104128805896       -0.43145192488081263     -1.8130195382255632      -2.3622298438065172      2.3362243803218696
0                         0                        31.819035318412666       -0.43543461773151454     -5.421998007459258       -3.2375317592051864      8.897294991694444
0                         0                        33.34596650801942        -0.4411196861185228      -2.2791986671431523      -3.2601873165493798      3.7148188145140146
0                         0                        34.87289769762618        -0.44677916315475363     -2.6882208461487096      -3.4130301479504306      3.6980588249668074
0                         0                        36.39982888723294        -0.45241304884020755     -3.707616167743872       -4.095399997283025       9.857418453203394
0                         0                        37.73589367813885        -0.457177982847013       -1.7188406958083533      -3.2155528010842573      3.1303234936492013
0                         0                        39.071958469044766       -0.4607776788482279      -0.7449399530955247      -2.7119247780132554      2.258181653281718
0                         0                        40.40802325995067        -0.4632121368438515      -4.6473265511889394      3.0728599611893657       -6.189592288825295
0                         0                        41.74408805085658        -0.46472302043640185     -1.445119337497303       -2.5752214250118186      0.9828998576296031
0                         0                        43.08015284176249        -0.46583857262938294     -1.52117778186971        -2.283387100761658       0.6870074710778682
0                         0                        44.4162176326684         -0.4665587934227946      -2.0647146907903533      -0.9581144107608708      0.8242168436107562
0                         0                        47.34899342051385        -0.4697788868754424      -1.2800678567025034      -3.020953028831837       1.1763051110524945
0                         0                        47.60880953808952        -0.47008631301088494     -1.4465178729116595      -2.9408893680804535      1.1901849921115755
0                         0                        47.68041111129837        -0.4701716690701378      -1.4923890957304202      -2.9188249783876223      1.1940100870635248
0                         0                        45.88260552659115        -0.468111403725077       -0.34063310958300974     -3.472827931607327       1.0979678248821187
0                         0                        45.99230099581933        -0.46823216723649075     -0.4109090139474034      -3.4390247137153196      1.1038279696638256
0                         0                        46.04831437198338        -0.46829408017339946     -0.44679372909698145     -3.421763906385216       1.1068203128876348
0                         0                        46.922745602419596       -0.469282342429862       -1.0069941271245106      -3.1523034662964875      1.153534125664514
0                         0                        46.993068792270336       -0.46936359472430356     -1.0520463594485179      -3.1306330169506342      1.157290926897403
0                         0                        47.16091619783942        -0.4695585955253941      -1.159577037831104       -3.0789099835111715      1.1662576609364859
0                         0                        45.66948161754398        -0.4678786137905851      -0.20409624479395916     -3.5385031503396647      1.0865823321881294
0                         0                        45.71560632616432        -0.4679287889113373      -0.233645829974094       -3.5242895863094503      1.0890464036072842
0                         0                        45.78856691525385        -0.4680083885675963      -0.28038770014713066     -3.501806408946976       1.0929440998241091
0                         0                        48.17600958729521        -0.47076997934062564     -2.4475893128476898      -2.369679249811611       -0.1765627115638324
0                         0                        48.518760925679935       -0.47023892277881973     -2.0607100813650803      -2.6407390798671884      -2.9222235065054747
0                         0                        48.66560165504017        -0.4704921204455548      -2.5069000543632143      -1.937560587914298       1.7414223149640113
0                         0                        49.271335129384575       -0.471589738655372       -2.7799467477928843      -1.8451060792005691      1.8826739462012991
0                         0                        50.549104016571995       -0.47418572559294986     -3.355927083024497       -1.6500772427267947      2.180638228024847
0                         0                        50.85197075374425        -0.4748568634831933      -3.492450429739378       -1.6038499883698378      2.251264043643472
0                         0                        49.377979839466356       -0.47179184192449053     -2.828019021644266       -1.8288286491176677      1.907542539237559
0                         0                        49.42408546740445        -0.4718800382215721      -2.8488020719298177      -1.8217914399150388      1.918293959509457
0                         0                        50.89814097421906        -0.4749610533858747      -3.513262596425747       -1.5968029202582201      2.2620305263176235
0                         0                        50.92834592275414        -0.4750294842761468      -3.5268780918078306      -1.59219266872703        2.26907405029751
0                         0                        49.823376076487925       -0.4726645841591294      -3.0287904416427764      -1.7608467857719106      2.0114049600726194
0                         0                        51.12799122729591        -0.47548714154946203     -3.61687227666431        -1.5617203416554304      2.315629550579139
0                         0                        52.43260637810389        -0.4787065949498177      -3.832101104950567       -1.3987744525434351      3.2758434015904214
0                         0                        56.29385247336215        -0.4914758373275645      -3.0226746554285455      -3.2288785798309654      2.020996497087893
0                         0                        56.806692658584          -0.49241501034914625     -2.9177969442057474      -3.2972469859358453      1.64163778409889
0                         0                        55.8858621805294         -0.49058972483681246     -3.1061101765644423      -3.1744880565625957      2.322795530901974
0                         0                        56.83274311242724        -0.492457524761424       -1.6648743274663236      -3.2757034646866376      2.289816569630389
0                         0                        53.58369164557911        -0.483048845721829       -3.434762114500405       -2.1893720763352746      3.6067241508044816
0                         0                        53.80465043211182        -0.48383875984984553     -3.410606384631727       -2.2098651325847243      3.543153348180379
0                         0                        54.73477691305426        -0.48700988901749387     -3.3089227884732964      -2.296130696368607       3.275551919591493
0                         0                        55.17669448611979        -0.4884293199174364      -3.2606113287358025      -2.337116808867921       3.1484103143433124
0                         0                        54.08357993543708        -0.48481585791457565     -3.380113160802626       -2.2357347442488873      3.4629041185381837
0                         0                        54.133271943115844       -0.4849875813590862      -3.374680714630358       -2.2403434820339783      3.448607512090895
0                         0                        55.824585639302015       -0.4904087632952273      -3.189782356843782       -2.397206158805851       2.9620092154454234
0                         0                        55.833937508127754       -0.49043645103592654     -3.188759988733123       -2.398073507766732       2.95931864216427
0                         0                        54.664254670191255       -0.4867781743170265      -3.3166324445366238      -2.289590036399929       3.295841475177835
0                         0                        57.298562113933315       -0.4934561215646714      -1.7442763337756446      -3.3146082109830033      1.9976719184669207
0                         0                        57.3058534033869         -0.4934706704979477      -1.8702693835008937      -3.239872586788352       0.7513238533436066
0                         0                        57.377812272227544       -0.4935229427273113      -1.8665946426539612      -3.2683383885780186      0.701512474015658
0                         0                        57.38637376905221        -0.4935289233545288      -1.8661574306382818      -3.271725182666989       0.695586033358353
0                         0                        57.8085735777547         -0.4937609045964074      -1.844596851551688       -3.438740816233755       0.40333081642291546
0                         0                        59.48600289398602        -0.49346358968724124     -1.7589351655698113      -4.102305588740123       -0.7578195645201902
0                         0                        59.526607926581804       -0.4934322477436695      -1.756861578612753       -4.118368303846053       -0.785927186469138
0                         0                        59.70138354674962        -0.4932843143747441      -1.7479362700186893      -4.187506802567887       -0.9069103933165081
0                         0                        58.49628440309841        -0.49387458812633517     -1.8094773575754566      -3.7107884506429354      -0.07271647755221444
0                         0                        60.04523895942137        -0.4929315454675139      -1.730376523030607       -4.323530619772525       -1.144934040304065
0                         0                        58.53416459114148        -0.4938713369761491      -1.8075429209100675      -3.725773259909183       -0.09893790718314932
0                         0                        58.73530010750607        -0.49383743499426763     -1.797271485162514       -3.805339320826239       -0.2381679654562987
0                         0                        60.07467767241274        -0.4928975401308234      -1.7288731692000212      -4.33517611368387        -1.165312110768042
0                         0                        60.164746811625236       -0.49278977367145127     -1.7242735868240224      -4.370806054864129       -1.2276597842561046
0                         0                        61.594193515744415       -0.4903276865294982      -2.8455685547453626      -2.3374688183167223      -1.239897690898971
0                         0                        62.835004927173365       -0.4874818025998424      -2.578700340078077       -5.910861704841719       -2.40457128937566
0                         0                        63.06747956483251        -0.486917965880631       -2.506347114504514       -6.01029752965896        -2.446166192262819
0                         0                        64.07581633860238        -0.48436044753859486     -2.1925218354060263      -6.4415910238779475      -2.6265801531355066
0                         0                        64.54076561392058        -0.48311988147987495     -2.047815384258925       -6.6404626735123315      -2.709769958909874
0                         0                        63.246757068166254       -0.48647654799330486     -2.4505504660202604      -6.086979470513466       -2.478242940144291
0                         0                        64.89932062058806        -0.48213677861564        -1.9362220872903606      -6.793826555221102       -2.7739234546727403
0                         0                        63.510949022204485       -0.4858155719928127      -2.3683258404105985      -6.199981667761222       -2.5255127790499188
0                         0                        65.07814036459129        -0.48163788567863797     -1.8805679075263129      -6.870312699764014       -2.80591829919004
0                         0                        65.31662775003136        -0.4809636213457554      -1.8063433307339665      -6.9723203429141165      -2.848589016895403
0                         0                        66.03400446710177        -0.4785242304931618      -1.8552792755808412      -6.880399317627692       -3.3861582939933577
0                         0                        66.46547554298408        -0.47749410738498627     -1.9187386126607464      -6.620534259884213       -2.1207101964263586
0                         0                        66.54532378891834        -0.4773287142008402      -1.9435510435030778      -6.6287830995530115      -2.021977779025434
0                         0                        66.37312213777084        -0.4776952353442578      -1.8900402680309298      -6.610993556471843       -2.234905252876672
0                         0                        66.20908618600785        -0.4780784759081561      -1.8390669415520335      -6.594047582892024       -2.4377358331695973
0                         0                        69.10312980796047        -0.4707824612033153      -0.11717751203111959     -5.402152277392844       -1.9590372658834632
0                         0                        69.35229503189606        -0.47030890744780063     -0.027685975812758556    -5.373572947285439       -1.842085122183807
0                         0                        67.45047896253605        -0.4746610583496055      -0.7107525730033615      -5.591711852832326       -2.734751693870164
0                         0                        67.9488094104072         -0.4733565291273325      -0.5317695005665435      -5.5345531926177145      -2.5008474064709585
0                         0                        66.91693624993673        -0.47618697329088944     -0.9023826738436327      -5.65290937096443        -2.985183768652589
0                         0                        68.56457447042877        -0.47190558050245784     -0.3106079744893506      -5.463924745192529       -2.2118221458532226
0                         0                        68.543472978933          -0.4719523577488463      -0.3181869008764835      -5.466345092950839       -2.2217266767773722
0                         0                        67.06053733560182        -0.4757631372244954      -0.8508061273423984      -5.6364382809537545      -2.917780884169505
0                         0                        70.75578065338493        -0.4681858491622454      -1.9728603831594853      -4.249275600610098       -1.6273900185987742
0                         0                        72.09184544429084        -0.4662199314216108      -2.0703393092678795      -3.572598460327306       -1.3154578941907644
0                         0                        73.42791023519676        -0.46467077520955025     -2.167818235376089       -2.895921320044934       -1.0035257697828683
0                         0                        74.76397502610268        -0.46353838052606394     -1.6483661349103187      -2.3474648469005786      -1.9162952909917577
0                         0                        77.43610460791454        -0.4639395622146597      -1.7361936943618872      -3.417269380912245       0.8496497699376808
0                         0                        78.77216939882044        -0.4655420475058333      -2.3696008102556902      -2.5294756289601708      1.5939449510879828
0                         0                        76.10003981700861        -0.4632716732214029      -1.6625412263119728      -3.72402922153006        0.15013556652591428
0                         0                        81.44429898063227        -0.47200844822559584     -2.175071441176655       -1.5997971146074548      3.0350128328397905
0                         0                        82.78036377153819        -0.47647430872451246     -2.6170945762665525      -1.1571093313466747      1.6880266014102006
0                         0                        80.10823418972635        -0.46836436115270275     -2.0739244280249096      -2.4008640376028154      2.4199427916135012
0                         0                        84.1164285624441         -0.4810284091833294      -3.5047973869869224      0.9402736808525276       3.5910843651723097
0                         0                        85.45249335335001        -0.48607015148747124     -3.700524255741925       2.509017290174995        3.9560680460862185
0                         0                        86.78855814425594        -0.49159953563693726     -3.7548264085387473      3.967445434335424        4.539030776045465
0                         0                        88.12462293516182        -0.4973124764532704      -2.892651392873802       3.151067482394012        4.256657075723261
0                         0                        89.46068772606775        -0.5029738749286061      -2.1461357428073313      2.496079269681246        4.218079350040754
0                         0                        90.79675251697367        -0.5085837310629439      -0.8759136729235024      0.5704896796436856       4.904462983241324
0                         0                        93.46888209878549        -0.5184255169549905      -2.7617555005024172      4.200676993599339        3.4685115114513465
0                         0                        94.80494688969138        -0.5229163046429312      -7.38475689034604        5.512875858002438        -3.609463056344893
0                         0                        92.13281730787958        -0.5136479924283278      -1.1695015264769477      2.6578568310767707       3.6831244858168475
0                         0                        96.5757791045615         -0.5272676450738489      -0.5920293993354608      0.8733305823730433       2.649797729610171
0                         0                        96.73549649643812        -0.5276936378952642      -0.5475938109969594      0.8275520250460104       2.6845345733439316
0                         0                        96.49204720072022        -0.5270465348777834      -0.6153247735346525      0.897330008578848        2.631586925983253
0                         0                        95.64849704520579        -0.5249040395387391      -0.85001209852045        1.1391102474045027       2.448123687638123
0                         0                        96.05501555926426        -0.5259172180002994      -0.7369130231448042      1.0225929985205884       2.5365371655432067
0                         0                        96.3031219063883         -0.5265532429429015      -0.6678864044690811      0.951480200461507        2.590497672336756
0                         0                        96.41587613734828        -0.5268467150434574      -0.6365166173001713      0.9191623297197928       2.615020525203086
0                         0                        96.80471660083583        -0.5278799827005911      -0.5283358201945632      0.8077120033669019       2.6995892140531623
0                         0                        97.33559735623462        -0.5293437906600649      -0.5917399509375372      0.6801031026646598       2.3854694846068227
0                         0                        97.97530687006702        -0.530897836739749       -0.38911672866903757     0.7886425956931333       2.4731297579593843
0                         0                        97.9839220143931         -0.530919148194834       -0.3863879458920536      0.7901043269591383       2.4743103030196067
0                         0                        98.21202524376051        -0.5314871113108122      -0.31413794750232427     0.8288065946890413       2.5055676018507
0                         0                        97.68241758599288        -0.530179361094286       -0.4818872271903629      0.7389480801051889       2.4329947370649734
0                         0                        98.74703321521865        -0.5328472214376827      -0.1446781586885173      0.9195813803262354       2.5788804790389293
0                         0                        98.79815279490212        -0.5329792317698007      -0.12848641269682304     0.9282548377983346       2.585885465258176
0                         0                        97.56840331299041        -0.5299028556209666      -0.5180003986858708      0.7196032820021969       2.4173712046312374
0                         0                        98.86059791881553        -0.5330360582422193      0.6772731103765324       1.2283422563773705       0.9265085631376735
0                         0                        99.02523683830029        -0.5331957537946912      0.6741066512123268       1.2662853486742325       1.013440423064651
0                         0                        99.21074893185147        -0.5333928450021732      0.6705387435114254       1.3090389242552423       1.1113936371759792
0                         0                        99.64103312768006        -0.5339399695620302      0.8675453823191646       1.0687221696162368       1.2088899192185263
0                         0                        100.11407284779996       -0.5344792405317462      0.9470063590808593       1.0733859286161334       1.071134132797022
0                         0                        100.13707121333702       -0.5345037978509171      0.9508696130779839       1.0736126724383723       1.0644366869035435
0                         0                        101.23118438140334       -0.5354941082946454      1.1346581985279727       1.084399673861867        0.7458156208692959
0                         0                        101.47920342423194       -0.535670127982957       1.1763203139073255       1.0868449252732262       0.6735890047117667
0                         0                        100.97993265425254       -0.5352975290361839      1.0924530584449172       1.08192255100343         0.8189836399410559
0                         0                        100.41427783294324       -0.5347876777939385      0.9974346430782646       1.0763456878955964       0.9837102399247719
0                         0                        101.61780673403499       -0.5357606924102719      1.199602828907615        1.0882114330018027       0.6332257812223556
0                         0                        100.96108741256839       -0.5352820433802287      1.0892874441257732       1.081736753359479        0.8244716380479442
0                         0                        102.82133563512686       -0.5363118888511735      -0.23403741371168962     0.5912843410623907       -0.3803755078462352
0                         0                        106.41314377848951       -0.5344483123642284      -0.24319136420131926     0.2928733881561669       -0.9556172248610011
0                         0                        106.67874252792          -0.534185923385327       -0.2870145948230771      0.19898958957367086      -1.076820674741981
0                         0                        105.40777274990432       -0.5352861489517757      -0.03744218702577129     0.45812153615553086      -0.7111039431963277
0                         0                        105.3929402303223        -0.5352966696617247      -0.034406711949783286    0.46055948823646986      -0.7074965704600729
0                         0                        104.1071379327246        -0.5360053248170071      0.2287327233625689       0.6719008162935722       -0.39478043838695953
0                         0                        104.61723970680809       -0.535772304918513       0.12434039723673251      0.58805776625357         -0.5188407655872709
0                         0                        104.64375498979435       -0.5357584622142004      0.11891404467446165      0.5836995728278112       -0.5252894682780607
0                         0                        105.3782768617073        -0.5353070177982289      -0.031405853618545976    0.46296963776137545      -0.7039303364246692
0                         0                        106.78221505039228       -0.5340754727333547      -0.24873760034116543     0.1773631653062182       -1.0580582154863265
0                         0                        107.02927195186004       -0.5338196060159791      -0.15734526324315112     0.1257266801634671       -1.0132598966974342
0                         0                        107.380973417154         -0.5334744556074476      -0.027242365153554715    0.05221880655423661      -0.9494865948096844
0                         0                        107.47415164994355       -0.5333867712856669      -0.8238749966987218      0.04923596154987386      -2.036296594973372
0                         0                        107.53418865522478       -0.5332645613416555      -0.7738144379582828      0.030335169957089292     -2.034857302161348
0                         0                        107.72968553082484       -0.5328672112173496      -0.6108035952505197      -0.031210966220537095    -2.0301705719278273
0                         0                        107.77719093102154       -0.5327707942030356      -0.5711922444529325      -0.046166570092490034    -2.029031704645715
0                         0                        107.77832603872474       -0.5327684910489622      -1.0074910634502174      -0.13320762274523457     -0.9183729492865034
0                         0                        108.37004229158894       -0.5322777560670324      -1.4427311288021514      -0.41469497361041174     -0.7403105144665023
0                         0                        110.38296758780412       -0.5298071944095549      -1.0669787748067883      0.42611403889288013      -0.9416717531114998
0                         0                        110.77862927904124       -0.529456828505226       -1.0207526014913513      0.49142796236679054      -0.8293660404821859
0                         0                        108.78301240284077       -0.5316771254138211      -1.2539056553087704      0.1620011545106479       -1.3958074736065953
0                         0                        109.57433578531507       -0.5306614604589127      -1.1614533086777996      0.2926290014582875       -1.171196048347909
0                         0                        110.30720292444262       -0.5298793545220288      -1.075830555348876       0.4136071737240137       -0.963177005450504
0                         0                        110.28668858400655       -0.5298991731889547      -1.0782272985197494      0.4102207653578489       -0.9689998527789783
0                         0                        108.60352568053406       -0.5319322263883539      -1.2748755508454934      0.1323723521653335       -1.446753483044887
0                         0                        108.59045439524574       -0.5319511615643482      -1.276402702734572       0.1302146074406494       -1.4504636729414813
0                         0                        111.98292277276737       -0.5286638602059726      -0.0399397796301173      0.16139008191854387      -1.5467830571693426
0                         0                        115.39042641423285       -0.5267461986581229      0.14093080586673068      -0.16164147984710908     0.06947498497208926
0                         0                        115.6751481434871        -0.5267999833113713      0.22077671547448396      -0.09852920538872034     0.3083300627100378
0                         0                        115.92112231422851       -0.5269012028634978      0.28975645739404143      -0.044005831236074044    0.5146795388383083
0                         0                        115.06152083536145       -0.526768723962679       0.0486942028198456       -0.23454767924052788     -0.2064462375335836
0                         0                        114.91029182212269       -0.5268095376160076      0.006284309648876274     -0.2680695569511755      -0.3333133291602337
0                         0                        114.84385296296327       -0.5268335340924664      -0.012347465160786442    -0.28279659420600467     -0.38904935925144457
0                         0                        116.05513728793197       -0.5269777110195684      0.3273389331131682       -0.014299669278955207    0.6271056506275414
0                         0                        116.24299083919675       -0.5271103171210778      0.3800196249348957       0.027340513633859587     0.7846973269224691
0                         0                        114.01800082477939       -0.5272290321528242      2.3425418142153376E-4    -0.2752118976962379      -0.5441790193930629
0                         0                        114.42706816454029       -0.527019653896727       -0.003102900433887612    -0.28516854762776234     -0.4795069889771604
0                         0                        113.00046179877344       -0.5278646008607945      0.008535295909439355     -0.25044511998308394     -0.7050481684128602
0                         0                        113.5279093440153        -0.5275147162017535      0.004232400422893079     -0.26328312990159475     -0.6216606662266404
0                         0                        113.54672015195374       -0.527503050233268       0.004078942621603687     -0.2637409827081001      -0.6186867472043076
0                         0                        113.72623009358162       -0.5273945370445843      0.0026145078649051356    -0.2681102331330294      -0.5903068906954125
0                         0                        113.89020956623132       -0.5272998643787127      0.0012767700383591318    -0.2721014738074956      -0.56438234377611
0                         0                        112.93656616949939       -0.5279099730832147      0.00905655383800763      -0.24888990803876254     -0.7151498306044566
0                         0                        114.56880458069274       -0.5269532783095459      -0.004259180315742128    -0.2886183949781156      -0.45709898685758965
0                         0                        116.30473925402285       -0.5272314349995467      -0.822412635835434       -1.0239200239784907      0.10027827899598218
0                         0                        118.76244557049193       -0.5279061066308077      -1.0837861179718402      -0.6916587041710898      0.44874714909537117
0                         0                        118.76778743014282       -0.5279085057980649      -1.0843542169544662      -0.6909365294643806      0.44950455114302335
0                         0                        117.93022273601923       -0.5275817492064543      -0.9952804333415486      -0.8041682646107802      0.33074942542252517
0                         0                        117.08439354261928       -0.5273527105307944      -0.9053277322843769      -0.9185172908745471      0.2108225076513297
0                         0                        117.53626334208283       -0.5274624502572227      -0.9533834263949359      -0.8574282767215209      0.27489141506948833
0                         0                        116.98698439635218       -0.5273328471625105      -0.8949684116522576      -0.9316861920094084      0.1970112337372063
0                         0                        116.95700004844808       -0.5273270036463726      -0.891779619985499       -0.9357398248382651      0.192759866613069
0                         0                        117.86683870345877       -0.5275610697896809      -0.9885396339257966      -0.812737255206514       0.32176244351152095
0                         0                        119.99931151820283       -0.528569601622073       -1.1380473331251437      2.116424721183364        0.6530274576402775
0                         0                        122.67144110001463       -0.531747088263683       -0.6780495809247515      2.2948239934655703       1.1977284382582951
0                         0                        124.00750589092054       -0.5333530807964159      -0.4400340385628567      2.538284756516717        1.2063354120344627
0                         0                        121.3353763091087        -0.5301525952055688      -0.9160651232865149      2.051363230414495        1.189121464482156
0                         0                        126.67963547273237       -0.5363591892642602      0.3219830886486257       1.0802637302557798       0.8603651899662546
0                         0                        128.01570026363825       -0.5373319176037515      0.21176675013295565      0.47166134287837735      0.5957443432127101
0                         0                        125.34357068182645       -0.5350329103284819      0.43219942716448756      1.6888661176331539       1.1249860367198843
0                         0                        129.1249501078466        -0.5383711447251812      0.16978470005590296      0.6007978599475905       0.9679309604788058
0                         0                        129.5447495841041        -0.5387824158280126      0.1651254788367602       0.4157440328144446       0.9914383388723618
0                         0                        130.2341999520549        -0.5394792721379824      0.15747348790886662      0.11182409859972609      1.0300452728959497
0                         0                        131.0737989045699        -0.5403638338404245      0.14815504547076586      -0.2582835556664804      1.0770600296831754
0                         0                        129.0992826193153        -0.5383463188142206      0.17006957536888834      0.6121124690747592       0.9664936662479278
0                         0                        130.1828649749923        -0.5394264685709914      0.15804323853493685      0.1344533168538362       1.027170684434406
0                         0                        129.5963617938263        -0.5388336607340333      0.1645526512933202       0.3929926062976392       0.9943284514434767
0                         0                        131.17702332401436       -0.5404753110668877      0.14700939038404925      -0.3037864087002333      1.0828402548252711
0                         0                        129.59781693296316       -0.5388351076795622      0.16453650116562102      0.39235115941275467      0.9944099344090791
0                         0                        131.2664473306693        -0.5405723668740641      0.5431047736389591       -0.2984904647397091      1.466049783227092
0                         0                        131.69149887683733       -0.5412213913799927      0.557258309752128        -0.4700611433544353      1.5878127978156584
0                         0                        132.1990113836922        -0.5420641186661737      0.45251087798274625      -0.07359956825575864     0.2580678028791201
0                         0                        132.48341007446172       -0.5421374245003735      0.48927462484127915      -0.07179664772689875     0.5408130173864336
0                         0                        132.50103411232263       -0.5421469243624131      0.4880351818193134       -0.07881918317693248     0.5372443625103926
0                         0                        132.71257116676833       -0.5422560409950697      0.4731584476630628       -0.1631089739500453      0.4944106630617817
0                         0                        132.975336574062         -0.5423789645581435      0.45467898495110415      -0.2678113924516907      0.44120384068713037
0                         0                        133.1524403552356        -0.542453927833834       0.4422238343511853       -0.3383807813436661      0.4053424633322287
0                         0                        133.426821089438         -0.5425575238663025      0.42292750231594         -0.4477114834217062      0.34978367750080963
0                         0                        133.4328060960804        -0.5425570899195842      0.8665021860298481       -0.29979339767250224     -0.07214102461448135
0                         0                        133.92111760971005       -0.5425363891121681      0.8948521305746482       -0.3641292726850409      -0.012644227579556855
0                         0                        134.0377110570338        -0.5425357430393494      0.9016212066125675       -0.37949065828614437     0.0015617382382586698
0                         0                        133.70335478089822       -0.5425420314656871      0.8822094548473558       -0.3354386484712464      -0.039176861903953863
0                         0                        133.73786092865208       -0.5425407521601004      0.8842127813059903       -0.3399848923076263      -0.0349725676940551
0                         0                        133.4361810023163        -0.5425568471442793      0.8666981232584163       -0.3002380473268076      -0.07172981966495229
0                         0                        134.36829385262863       -0.5425429170676094      0.9208138810856568       -0.4230455056020226      0.04184057038482436
0                         0                        134.3821879280333        -0.542543510164153       0.9216205306449794       -0.42487607374075687     0.043533450772336835
0                         0                        134.44243816308574       -0.5425463542133555      0.8998551976699396       -0.38261175859134733     -0.20556992857191947
0                         0                        134.52684032495242       -0.5425279026875304      0.8796661209502155       -0.4155690367047722      -0.23165882048448339
0                         0                        134.8931198142728        -0.5424223161364167      0.7920517216590355       -0.5585935129712434      -0.3448766077469827
0                         0                        135.8520638631156        -0.5419494776516184      0.5626714007761109       -0.9330410983633008      -0.6412883001403848
0                         0                        136.03520360777583       -0.5418268486069147      0.5188642011304836       -1.0045533364964268      -0.6978971937715919
0                         0                        135.12800163948472       -0.542332784387416       0.7358677675465302       -0.6503099508689205      -0.4174790910801587
0                         0                        136.15264452038178       -0.5417427552980978      0.49077222407416343      -1.0504115554452769      -0.7341984354380813
0                         0                        135.35405457581678       -0.5422305144632316      0.681795691980696        -0.7385788924014829      -0.4873525456467078
0                         0                        136.26567098854778       -0.5416577970545604      0.4637361862913565       -1.0945460262115638      -0.7691351627213763
0                         0                        137.1772874012788        -0.5408282019873415      -1.047473701370734       0.3594169852570701       -0.6478315176743816
0                         0                        138.51335219218473       -0.5394300248298075      0.5042413467656814       -0.8285042280574828      -1.0938433561827752
0                         0                        139.8494169830906        -0.5379053107974165      0.5263905294427929       -0.55848886707426        -1.188551992858743
0                         0                        141.18548177399654       -0.5362540598901686      -0.7710132583434586      0.26252440433773927      -1.85622577591527
0                         0                        142.24309549835166       -0.5351479191206809      0.18636850343261813      -0.5076412669762647      -1.0450570707694453
0                         0                        142.31626699402707       -0.5350714549155884      0.17884338587302295      -0.48223965308372385     -1.044942713614013
0                         0                        143.43631843150555       -0.5339020456459689      0.06365483243135373      -0.09341181935261034     -1.0431922246391903
0                         0                        143.44705221405758       -0.5338908483375016      0.06255094662420646      -0.08968556779159087     -1.0431754491882685
0                         0                        143.30070922270676       -0.5340435264886078      0.07760118174366681      -0.14048879557611826     -1.0434041634993108
0                         0                        142.11752949568518       -0.5352791550803206      0.19928198733595082      -0.551231726461765       -1.0452533134561648
0                         0                        143.0495772173738        -0.5343056079513795      0.10342814955011193      -0.2276697145472184      -1.0437966488726165
0                         0                        142.50655624947683       -0.5348726418402954      0.15927362029142955      -0.4161804021397302      -1.0446453172333179
0                         0                        143.45772872234315       -0.5338797109552489      0.06145295102857773      -0.08597919909317397     -1.0431587632491723
0                         0                        143.82763072495717       -0.5334939513611143      0.02341141546106229      0.042432934096964914     -1.0425806564269866
0                         0                        142.7874370999814        -0.5345792826254839      0.13038721581349222      -0.3186721190521524      -1.04420633843689
0                         0                        143.98162493906244       -0.533333418503345       1.4222174583156928       -1.2148318796082265      -4.0767679794159335
0                         0                        143.99325053964168       -0.5332864242065654      1.394570840122702        -1.169532831342373       -4.007854653028161
0                         0                        144.30477200902348       -0.5323255211737178      0.6537475971266851       0.04430777682368614      -2.1612420371894245
0                         0                        144.59912824571214       -0.5321317617968817      0.3971395361390151       0.048905011351514815     -0.5823636098779517
0                         0                        145.2452120096878        -0.5320843778958506      -0.19659074672748034     0.09769740595966425      -1.0936756022370444
0                         0                        147.68974577672563       -0.528907901808237       -0.2771890107513144      0.29294980903901546      -1.5051644141664013
0                         0                        147.8829843495173        -0.5286139031640894      -0.28356024346626896     0.30838436601429464      -1.5376922981372019
0                         0                        146.1776210340191        -0.5309914528936381      -0.22733302966694424     0.17217177203649214      -1.2506281822454461
0                         0                        146.56409817960252       -0.5304955423998284      -0.24007549509690307     0.20304088598700787      -1.3156839501871378
0                         0                        147.64233210132414       -0.5289790779773075      -0.2756257433585887      0.2891627334887943       -1.4971832615951897
0                         0                        146.08279368321618       -0.5311092898194452      -0.22420649488157096     0.16459762093603558      -1.23466587710306
0                         0                        147.36471901239173       -0.5293882291256047      -0.26647261430805713     0.26698892534948016      -1.450452600034616
0                         0                        145.5275675053514        -0.5317688625487215      -0.20590023678050073     0.12025000465727942      -1.141204553982
0                         0                        149.20187051943202       -0.5264394601886335      -0.5754317299135359      0.0448687381671391       -1.869467179610293
0                         0                        147.07196007449875       -0.529805648483864       -0.25682011431409535     0.24360537184024622      -1.4011724349742565
0                         0                        145.45263845012425       -0.5318538993943751      -0.20342976496372245     0.11426519140135838      -1.1285917325392152
0                         0                        151.87400010124395       -0.5198009550870616      0.2493607948416412       -0.5192406818842361      -3.889311290240201
0                         0                        153.2100648921498        -0.5136660235488106      0.08919776099939458      -0.3024721514742197      -5.294272589836993
0                         0                        150.53793531033793       -0.5240587673003362      0.40952382868398196      -0.73600921229432        -2.48434999064321
0                         0                        155.98533908584193       -0.4914890434886572      -0.15517322571434988     -1.8450184759806518      -11.974868144440201
0                         0                        156.3896241312869        -0.4863098901650642      -0.639053015091406       -1.8869557110237167      -13.646427433744833
0                         0                        155.72839307655676       -0.4944294521453747      0.2578940959668079       -2.069427218707567       -10.15740850020885
0                         0                        154.04950762028548       -0.5086634145705929      0.25952946859951354      -1.19083043653265        -6.799034087400326
0                         0                        154.11224840095625       -0.5082329007510834      0.25946835391454215      -1.2236640332514952      -6.924538201845685
0                         0                        154.8889503484211        -0.5022512241027812      0.25871178228322345      -1.6301288276201404      -8.478221293804612
0                         0                        155.01443190976283       -0.5011716152051985      0.25858955291327934      -1.695796021058129       -8.729229522695531
0                         0                        154.41171302008706       -0.5060695513794662      0.25917665072493357      -1.3803802938879244      -7.523575087104103
0                         0                        155.5931130326998        -0.4957852428332628      0.2580258698651615       -1.9986322691288017      -9.886799784077805
0                         0                        155.61336114802432       -0.49558464371118227     0.25800614653403964      -2.0092285423307956      -9.927303293212063
0                         0                        154.79252039485158       -0.5030594781812653      0.25880571299562494      -1.5796649638734266      -8.285326723489238
0                         0                        156.41220606473937       -0.48602872180298984     -0.37112678556724227     -1.3185318740312475      -12.498398325510365
0                         0                        156.4350218517879        -0.4857424691026021      -0.3795263212079824      -1.3107722864259124      -12.594113256853166
0                         0                        156.46941153944118       -0.48530688080166157     -0.39218673947453175     -1.2990764464575975      -12.738382073249365
0                         0                        156.52040609943583       -0.48465183802495887     -0.8280300614207974      -0.9075415855120346      -13.218639885067743
0                         0                        157.3891274980218        -0.4718095393900472      -0.2544323074069794      -1.1747367307631276      -16.347337552153782
0                         0                        157.86993377885452       -0.4635333493416034      0.0630335720457964       -1.322619704814163       -18.078960016628983
0                         0                        157.90496874451628       -0.4628977432714904      0.08616639420054639      -1.3333955102151949      -18.205138346656145
0                         0                        157.36288278664347       -0.4722373302175147      -0.2717611167649565      -1.1666645692160031      -16.252817298138726
0                         0                        158.23491894298945       -0.4566949119236902      0.30402529935556544      -1.4348792440683749      -19.39345305594945
0                         0                        158.29975626732787       -0.4554299221893488      0.34683596762889124      -1.4548214468534022      -19.626964496703565
0                         0                        158.31812503048232       -0.45506879153385743     0.35896446049962805      -1.4604711802974428      -19.69311954540184
0                         0                        158.35747689275243       -0.45435947765670487     0.13740639172284297      -1.8201544354403278      -18.160835387659944
0                         0                        159.66930069691838       -0.4245916714639303      0.3566858642134232       -1.7683631771387747      -27.223012806344375
0                         0                        159.72253370919162       -0.4231327205977023      0.365584091866626        -1.7662615193703441      -27.590750455424338
0                         0                        160.3645644612714        -0.40399484400167895     0.4729035079281818       -1.740913922831119       -32.02594713741901
0                         0                        159.2503063454769        -0.43539158211812357     0.28664836369787183      -1.7849052193044146      -24.328568340455565
0                         0                        159.61388441900812       -0.4260896622826111      0.34742269018888994      -1.77055103099097        -26.840192994178164
0                         0                        158.8144300671513        -0.44533960180379667     0.21378894456029407      -1.8021137657925514      -21.31750225502666
0                         0                        160.62661293213898       -0.3953653068347419      0.5167065325998443       -1.73056815840825        -33.83619766630511
0                         0                        161.02047636335436       -0.3815026465918411      0.5825432441734719       -1.7150182936803233      -36.55703584676107
0                         0                        160.59304104847078       -0.3964973587796988      0.5110947843469287       -1.7318935880072601      -33.60428057110191
0                         0                        158.40806216182781       -0.4534319684807693      0.1458620327040947       -1.8181573114907597      -18.510282227759333
0                         0                        162.3716520297904        -0.32580171691758536     0.49698148342211823      -1.8607083196022671      -46.25416358833209
0                         0                        163.70654809218317       -0.2553098784848895      1.4818031821238904       -2.752183323614979       -58.6157599111493
0                         0                        163.72272662153455       -0.25436042271543124     1.4763100082213754       -2.7620808816862663      -58.75656100079348
0                         0                        163.07990907130585       -0.29033207716109566     1.6945689435259865       -2.368823627303044       -53.162145739141465
0                         0                        163.7881661128215        -0.2504967887939403      1.454091022927507        -2.8021148768107125      -59.326078259057624
0                         0                        163.81688802475566       -0.24878924065318633     1.4443389339927535       -2.8196861149075616      -59.57604390235913
0                         0                        163.06993699182294       -0.2908617815824202      1.6979548116465466       -2.362722996421766       -53.07535913284899
0                         0                        163.76822195385554       -0.25167826664369186     1.460862759168812        -2.7899136150480714      -59.15250504647168
0                         0                        163.777488681727         -0.2511297428051641      1.4577163824741675       -2.795582732138328       -59.233153006085104
0                         0                        163.74258930521592       -0.25319164295723784     1.4695659356753907       -2.7742322992175232      -58.92942513725753
0                         0                        163.76056356558726       -0.25213102427612116     1.4634630485806284       -2.7852284337828053      -59.08585440167755
0                         0                        163.83482525987029       -0.24771921108221429     1.438248618261568        -2.8306595984875997      -59.73215093746017
0                         0                        164.4665069158881        -0.20825117210140667     1.2301404724268588       -3.2025936315629497      -66.69459039908782
0                         0                        164.69706468053482       -0.19262820535976394     3.545327423876452        -5.576484888863659       -68.32516252783155
0                         0                        165.30687440262878       -0.1491711232892117      2.7148795931235337       -4.5938970622116155      -74.20153226256882
0                         0                        165.56101288262397       -0.13000246866868684     2.3687900806471918       -4.184403137008733       -76.6505120314512
0                         0                        165.81132068575258       -0.11051436794288792     2.0279172401570484       -3.7810815903701327      -79.06257786999304
0                         0                        166.65230444805786       -0.04061633441573806     0.8826532081132468       -2.4260024938681486      -87.1666328713576
0                         0                        166.76981129815147       -0.0303071289311791      0.7226306548096546       -2.2366634324085517      -88.29897575225378
0                         0                        167.00817947090022       -0.008985696292237003    -3.4968159647921646      -2.41363226664648        -92.60146715231477
0                         0                        166.01565721161157       -0.0941578191704494      1.7496487598505919       -3.451833669953275       -81.0316461428569
0                         0                        166.06967717513706       -0.08976643234155568     1.676083580579505        -3.364791176806281       -81.55220405991139
0                         0                        165.24178845293108       -0.1539801897213152      2.803514594798088        -4.698770204672263       -73.57433808854532
0                         0                        167.07870541477095       -0.002435998952128142    -3.2885574896001684      -2.435633442328002       -93.13719810010898
0                         0                        167.11775771506487       0.0012070153103263224    -3.173238614508535       -2.4478161437904427      -93.43384816534385
0                         0                        167.14902422972693       0.004132079109547413     -3.080910652474791       -2.457570002360412       -93.67135565003387
0                         0                        167.43927728698762       0.03164045543622668      -1.1679392345690687      -1.636145228322082       -95.13811695856339
0                         0                        167.67349258287007       0.05420637965905747      -1.3089075860320385      -1.7623181414306686      -97.5557388189547
0                         0                        167.7293374240952        0.0594456185495563       -0.4387045902801727      -1.8929507636652403      -93.89508558399845
0                         0                        168.16521060298027       0.10048641567587807      -0.6595039672185408      1.0641361637944695       -93.97830153234565
0                         0                        168.3585019320941        0.11872514798715468      -0.7643561663330161      0.9029388786536741       -94.73924099679346
0                         0                        169.6460701010644        0.24584569227071645      0.8620625607373213       -1.0711715603874978      -99.6542822555001
0                         0                        170.11198092739693       0.2924316662176596       0.19475185239591042      -1.3730041061442009      -100.32378785568399
0                         0                        168.74126482963416       0.1562661813589094       2.157989189748921        -0.4850085801459514      -98.35409311616016
0                         0                        168.97727794451424       0.17951905876665883      1.8199543771471092       -0.6379057340004124      -98.69323977942376
0                         0                        170.2394547442717        0.30523199755387614      0.012174762047294507     -1.4555858889447535      -100.50696547133684
0                         0                        169.49447007814965       0.23075461356792082      1.0791949237522402       -0.9729600180343638      -99.43643570935217
0                         0                        170.30934710867854       0.31226017679799545      -0.08793006609563037     -1.500864489667407       -100.60739956029936
0                         0                        170.5508753724947        0.33660162116966014      -0.4338640682744135      -1.6573345406290798      -100.95447139484011
0                         0                        169.56981516814963       0.23825073955555334      0.971280313195301        -1.021771075944251       -99.54470526835433
0                         0                        168.44416584684603       0.1271086999771768       2.583515538240274        -0.29253796721225456     -97.92716714332686
0                         0                        170.68827014240367       0.350380605314861        -0.4998446494918067      -1.697891183111878       -99.67603749861806
0                         0                        170.7698692316291        0.3584844443867739       -0.5389802769987546      -1.7293003273452108      -98.94968611762627
0                         0                        171.09306459813484       0.38999962213948314      -0.6939875644034967      -1.8537047781610756      -96.07277409544535
0                         0                        172.163018779016         0.48769788160174055      -1.207146824756864       -2.2655518405420807      -86.54861513413522
0                         0                        172.49482244331267       0.515925031798263        -1.3662827260837451      -2.3932697997497954      -83.59507665634345
0                         0                        171.66611034449332       0.44359217889656033      -0.9688252505441846      -2.074281707028522       -90.9718278325635
0                         0                        172.78134531649187       0.5395115489006803       -1.5037015691541733      -2.503558264183468       -81.04460352490278
0                         0                        171.99037261085516       0.4726229332037416       -1.1243442323287685      -2.19909682923506        -88.08541883938429
0                         0                        173.89658028849044       0.6243597311820217       -0.39874175051647853     -0.6620384304567892      -68.845595181296
0                         0                        176.49726420519633       0.7772139674511552       -0.23950753952420456     -0.25845315951002945     -45.979181778187595
0                         0                        176.80012911577586       0.7906881476732339       -0.46787819284641596     -0.07514399918121484     -42.9989715264951
0                         0                        175.1969222468434        0.7091060787454168       0.7409954246611168       -1.045485873433563       -58.77463050671099
0                         0                        175.34835470213312       0.7178936402128712       0.6268100980002247       -0.9538312932695305      -57.284525380865205
0                         0                        175.96329000709207       0.7512594295921056       0.16312753710043593      -0.5816413482779943      -51.23352232323282
0                         0                        176.15008733344965       0.7606580387104628       0.022275870337649106     -0.4685821596759281      -49.39542458541851
0                         0                        174.9299351477912        0.6930633003636775       0.942312962973693        -1.2070799678175064      -61.401800779234236
0                         0                        175.02333381097          0.6987552275053509       0.8718871295922686       -1.150550373516495       -60.482751910327295
0                         0                        176.9172574804729        0.795657048704642        -0.5561970446974351      -0.004251989466006023    -41.8464208643328
0                         0                        176.99664486639284       0.7989481188672967       -0.6160578887727368      0.04379727126163857      -41.06524386723203
0                         0                        175.53958618464696       0.728668321906253        0.48261492361092895      -0.8380883291178591      -55.402795260517024
0                         0                        177.27013571229418       0.8104705645677186       -0.9979112191903141      -0.35843143940353883     -41.274570400554175
0                         0                        177.57064444134627       0.822346186787694        -0.608219799647344       -1.1281675112087157      -38.58663874787902
0                         0                        177.7386518933677        0.8287415107884263       -0.742074445060183       -1.2237876775833172      -37.54479380211967
0                         0                        177.84052484959201       0.8325341316779811       -0.3932251404769911      -0.4556591056063688      -36.1046835919605
0                         0                        177.3286190873261        0.8128256207949316       -0.4153937222711761      -0.9904206176043999      -40.08748224498393
0                         0                        178.78539868985504       0.8636204995170258       -0.2129610268613078      -0.2729092263384132      -29.6953555548341
0                         0                        179.15517303662588       0.8741373320204877       -0.142415053401038       -0.2013904538323743      -27.187078801708793
0                         0                        178.66276339986496       0.8599277928235426       -0.2363575279665895      -0.29662835526832154     -30.52722301584435
0                         0                        178.5169727190639        0.8554051193289345       -0.26417164105572866     -0.32482601317703796     -31.516159589376596
0                         0                        179.35122071440543       0.8793369393675894       -0.10501285285809558     -0.1634724928113087      -25.857235785358117
0                         0                        178.46548768340185       0.8537735185003638       -0.2739940151363598      -0.33478383362947817     -31.865396141919252
0                         0                        179.38129212016335       0.8801114357799728       -0.09927579562027233     -0.15765632398800022     -25.653253522513012
0                         0                        179.61600002213984       0.8859456195698412       -0.1281280081917089      -0.0979366493248861      -23.6686000605319
0                         0                        180.76338915680358       0.9108153461370406       -0.14737046190847636     -0.08794619003101634     -19.68151685422859
0                         0                        181.04198443091903       0.9161636702703702       -0.1520426838304374      -0.08552042647665914     -18.713421109530117
0                         0                        181.2942721984591        0.9207742497714609       -0.15627371194769069     -0.08332372564021107     -17.836741794094934
0                         0                        180.50941923348228       0.9057047654494786       -0.14311122295699952     -0.09015753760633904     -20.56404152313906
0                         0                        180.2663483028709        0.9006035896186501       -0.1390347671226202      -0.09227398630232297     -21.408693085631867
0                         0                        180.1885881048702        0.8989283396015746       -0.13773067859161614     -0.09295105397645331     -21.67890340068628
0                         0                        181.86226312103187       0.9303448291359004       -0.16579928501539598     -0.07837815833446982     -15.863019889027044
0                         0                        181.9107782914673        0.931110336754327        -0.16661291562562042     -0.07795573073715545     -15.694433647925223
0                         0                        181.62337776550055       0.9264562357831604       -0.1617930239670784      -0.08045816270993278     -16.693126921154317
0                         0                        179.92101258744333       0.8930031995483633       -0.13324326507663642     -0.09528086714463857     -22.608706394038848
0                         0                        179.77535442254737       0.8896731944107599       -0.13080048397320354     -0.09654913082542826     -23.114856579335623
0                         0                        183.05816742613106       0.9468305914217011       -0.3490078607989062      0.3114529753449915       -12.613208582502011
0                         0                        185.73029700794285       0.9710094715300501       0.1799474109151049       0.17141855273661122      -6.722210184955429
0                         0                        187.0663617988488        0.9784367140207452       -0.05566149952329624     0.06745062924261447      -5.341463607942828
0                         0                        184.39423221703697       0.9604740973303687       -0.0925065863208181      -0.21549727854739587     -9.048543256631433
0                         0                        188.4024265897546        0.9840359806374636       -0.20305851313344192     -0.008824924209932306    -3.710268300226316
0                         0                        189.73849138066058       0.9883510317022381       -0.012831191708414735    -0.21408988452139255     -2.7490757288135796
0                         0                        191.07455617156646       0.9913818672150675       0.05377299952415271      0.030627049880990853     -1.9394854673399777
0                         0                        193.74668575337833       0.9953016732880136       -0.014808431047305781    -0.007577408179457734    -1.0932656522415698
0                         0                        195.08275054428432       0.9965127323873768       0.020021135413824        -0.02414954105910283     -0.8486984484389382
0                         0                        192.41062096247234       0.9935913848972441       -0.08275719433932238     0.006624319568548032     -1.4669221506422332
0                         0                        197.75488012609614       0.9980992513283662       -0.010962521424147553    -0.018954157137585526    -0.44622288969912915
0                         0                        199.09094491700202       0.9985968956308539       0.005042466885100794     0.010810367792842612     -0.31093188629404267
0                         0                        196.41881533519017       0.9974045302472071       -0.01803856220018929     -0.03438025501873199     -0.5937282951348379
0                         0                        214.7439627454914        0.9998381429949581       -3.315371175229842E-4    2.486954426599297E-4     -0.0023723161360642564
0                         0                        215                      0.9998387271265905       -3.106226380715782E-4    2.4848946559230534E-4    -0.0021905482303823387
0                         0                        213.84521108896877       0.9998350532463236       -7.326625029406841E-4    4.955033142834964E-4     -0.00426287809546011
0                         0                        214.20266983871286       0.999836459750105        -5.702658887685175E-4    4.3898698962152594E-4    -0.0036065825498354798
0                         0                        214.46417413749197       0.9998373401098537       -4.5146221484060334E-4   3.9764162613664666E-4    -0.003126459719965169
0                         0                        213.67163769247938       0.9998342856667892       -8.115184043333556E-4    5.229462862530454E-4     -0.004581559473422203
0                         0                        213.04604563936573       0.999831324403849        -5.116528551809552E-4    6.252848262846555E-4     -0.005595566867313551
0                         0                        213.04649435773933       0.999831326914405        -5.115270959592522E-4    6.250862970773596E-4     -0.005594330250772828
0                         0                        213.0181701404813        0.9998311673539093       -5.194653259223969E-4    6.376179512557201E-4     -0.0056723885628571225
0                         0                        212.92759085861653       0.999830642247547        -5.448513463264248E-4    6.776934890240227E-4     -0.005922014731908121
0                         0                        212.59867132832508       0.99982854530427         -5.935049767771261E-4    3.062515567435753E-4     -0.006641075620827053
0                         0                        212.7549647318903        0.9998295788906845       -5.93232060843718E-4     7.540695068186665E-4     -0.00639775264716036
0                         0                        213.047248292485         0.9998313311313818       -5.113157958618331E-4    6.247527290668131E-4     -0.0055922524925478
0                         0                        213.3035141683062        0.9998326737423192       -4.394939554543953E-4    5.113714732374319E-4     -0.004886012969038234
0                         0                        200.46019471348572       0.9989567187500642       -0.01667571267398671     0.0012916305166186248    -0.23254619635412133
0                         0                        201.82944450996936       0.999233723294916        -0.006514030787911906    -3.985405076605275E-4    -0.1720615612134251
0                         0                        203.1986943064531        0.999427909265411        0.0036476510977649923    -0.002088711531712306    -0.1115769260725015
0                         0                        205.93719389942046       0.999662126407285        -0.001050484488331449    -4.659693536623877E-4    -0.06059918640291073
0                         0                        207.30644369590422       0.9997280352572898       -0.0022677106908304268   0.0022478055905139627    -0.03992366445652351
0                         0                        204.56794410293676       0.999562084409992        -0.005158536339536113    -0.0015789440149092115   -0.08552754306572297
0                         0                        211.60842490334574       0.9998208639207854       -3.5716987682121726E-4   -9.602977513623046E-5    -0.00862249731051179
0                         0                        211.8466318458972        0.9998228744897336       -7.383185204048459E-4    2.1361539887720937E-4    -0.008440086124494428
0                         0                        211.47475681362562       0.9998196977117175       -2.2889218995203464E-4   6.090741416926448E-4     -0.010497768705747035
0                         0                        210.959614221051         0.9998136543534784       3.116028112373215E-4     2.7061167344299975E-4    -0.012999732460357905
0                         0                        211.15514458173232       0.999816097863701        6.18877559190878E-5      4.028278609098379E-4     -0.012028578268882484
0                         0                        212.11301036383617       0.9998250378759485       -6.870243821595068E-4    2.4642788162054785E-4    -0.007802861931992311
0                         0                        212.2534129491666        0.9998261098395945       -6.599883069213774E-4    2.637226594686126E-4     -0.0074669942925709165
0                         0                        210.80320485384573       0.9998115752026311       -2.5307433432431026E-4   0.002720369476492124     -0.010767436022547372
0                         0                        208.4720307485514        0.9997660794153564       -0.001526507774838315    -6.540076301693176E-4    -0.028265073107924366
0                         0                        208.50253912795628       0.999766938243815        -0.001509842185392074    -6.098467168840216E-4    -0.028036079250124857
0                         0                        209.6376178011986        0.9997939260638035       -8.897910544902743E-4    0.0010331809232866362    -0.019516254565189683
0                         0                        209.69863456000834       0.9997951029099384       -8.564598757203612E-4    0.0011215027493847174    -0.019058266850151995
0                         0                        208.66249263698626       0.9997713266929512       -0.0014224655510410855   -3.7831383498598825E-4   -0.026835478898320275
0                         0                        208.7093577048466        0.9997725760967202       -0.0013968649131470556   -3.104765972850032E-4    -0.026483712829914907
0                         0                        209.9903532407329        0.9998003431857367       -6.97104843965235E-4     0.0015437658638575158    -0.016868645922954784
0                         0                        210.11227171378897       0.9998023440007665       -6.305053309461073E-4    0.0017202429887106518    -0.015953534009668147
0                         0                        208.7537914094562        0.9997737454565088       -0.0013725924378675813   -2.4615876037614726E-4   -0.02615019641194749
0                         0                        210.20113912300798       0.999803732111262        -5.819603806855866E-4    0.0018488786625425746    -0.015286501173477518
