% Model:              AluminaWithRodsOriginalRydberg.mph
% Version:            COMSOL 5.5.0.292
% Date:               Mar 10 2026, 10:24
% Dimension:          3
% Nodes:              486
% Expressions:        4
% Description:        Electric potential, Electric field, x component, Electric field, y component, Electric field, z component
% Length unit:        mm
% x                       y                        z                        V (V) @ Length=0.165     es.Ex (V/m) @ Length=0.165 es.Ey (V/m) @ Length=0.165 es.Ez (V/m) @ Length=0.165
0                         0                        0                        -0.44661089435663737     -1.3148859469219545      0.6443578293551409       11.923139129358546
0                         0                        0.6585023308993263       -0.45406876733147156     -1.3819658405329243      0.3165611811267657       10.727875528854458
0                         0                        1.9328242920035776       -0.4662657477284713      -1.511777653742989       -0.3177850436518206      8.41482273623842
0                         0                        3.207146253107829        -0.4755151541546476      -0.8596104458735994      -0.5979064681568786      6.622329442869482
0                         0                        5.860100920325226        -0.4906028660483805      -1.1807965089181423      -1.4642912624062818      4.490521938243745
0                         0                        7.1865782539339245       -0.4957658014256769      -2.99141901086017        -0.4599319232576704      2.367125865399416
0                         0                        4.533623586716527        -0.4838526502913709      -1.126657222726493       -1.063268592736339       5.687135208216006
0                         0                        9.839532921151322        -0.5012594937822193      -2.5837199766031063      -0.6579292278906337      0.90592252969995
0                         0                        11.166010254760018       -0.5016885992455625      -1.3743055039010983      -1.526892413064047       1.758462050505159
0                         0                        8.51305558754262         -0.49928522784225743     -3.0888242697918464      -0.4773863799775935      2.07078259739167
0                         0                        15.398502558570886       -0.49994512572429306     -0.46186733164451255     -0.7705396955009789      -0.27100732935330996
0                         0                        15.455607245669977       -0.49985783939981254     0.5585412078660372       -0.010425854188611083    -1.5751200078456975
0                         0                        15.299415258015404       -0.49997832257131747     -0.7749470784176964      0.9182640235255235       -1.2638411179613769
0                         0                        14.640823657316153       -0.500721474613342       -0.7501936090208758      0.43004551457509876      -0.9929506213677257
0                         0                        14.740258106732615       -0.5006207077219688      -0.7539308987130262      0.5037569596967444       -1.0338497876376636
0                         0                        12.903416956038082       -0.5018258353031982      -0.6848923759586185      -0.8579060903916229      -0.27832419188573
0                         0                        12.953134180746314       -0.5018114894485487      -0.6867610208046528      -0.821050367830992       -0.29877377502063496
0                         0                        13.983778117313886       -0.5012851036092341      -0.7254982490290907      -0.05702688888666785     -0.7226960471718371
0                         0                        14.210044651108266       -0.5011110526527889      -0.7340025811734572      0.1107060576572767       -0.8157635166582651
0                         0                        12.574894186036948       -0.5018950749423448      -0.672544695962813       -1.101442292122556       -0.14319690478777147
0                         0                        12.652486053580805       -0.5018827258578779      -0.6754610221300794      -1.043922904024214       -0.17511182673382564
0                         0                        13.92161359026361        -0.5013292349129671      -0.7231617665773236      -0.10310988276920341     -0.6971266661089075
0                         0                        12.54381192251181        -0.5018993271377153      -0.6713764547368584      -1.1244837890636177      -0.13041221425635285
0                         0                        15.620435241824804       -0.49970868998382467     -0.348426036537802       0.11465471574078201      -0.8760631008743616
0                         0                        16.076652926639625       -0.4993454016165467      -0.3448921018627118      0.2757517767191153       -0.6815250030555529
0                         0                        16.73657796033587        -0.4988948906173283      -0.23352804707585406     0.6898043890699199       -0.4790441708787476
0                         0                        18.329494443967818       -0.49819150491048314     0.24553154065597838      0.65274722742096         -0.4040978068368588
0                         0                        18.372904915603897       -0.498174007166025       0.2585869662599265       0.6517373384022562       -0.4020553538620888
0                         0                        18.38276288267128        -0.49817004600372444     0.26155168769239623      0.6515080054253275       -0.4015915387179092
0                         0                        18.622151636750942       -0.49807525764580934     0.3335463459281911       0.6459389326911662       -0.3903283514164002
0                         0                        17.902478375078037       -0.49836835075956115     0.11710915064429983      0.6626812093052905       -0.4241888173069981
0                         0                        18.004384995747326       -0.49832536741566996     0.1477569242008876       0.6603104823061798       -0.41939413361235367
0                         0                        17.248092706600094       -0.4986560076841033      -0.0796932126811114      0.6779046536895512       -0.4549775165498957
0                         0                        16.737867917666055       -0.4988942727099339      -0.2331401005430216      0.68977437986495         -0.4789834786750795
0                         0                        18.163271004233945       -0.4982593254360386      0.19554088933917058      0.6566142028334596       -0.41191858247356805
0                         0                        16.737228848080782       -0.49889457882331484     -0.2333322966909428      0.6897892470001423       -0.47901354675611074
0                         0                        18.667024732817872       -0.4980577897737897      0.3470416466064066       0.6448950175884391       -0.3882170822895503
0                         0                        19.157355810591092       -0.497873090834427       0.2720783485451008       0.4199441090252094       -0.402661737089268
0                         0                        19.52060285271695        -0.49773269989601326     0.4125460949420727       0.4415355782702477       -0.37031600055212266
0                         0                        20.111772459406254       -0.49727707459158227     0.8781456128323626       0.6435545188616842       -0.8009736652435393
0                         0                        20.36440131422156        -0.49707949341499        0.8149316286877735       0.49620211448402785      -0.7632275162610682
0                         0                        20.437128242330324       -0.49702438136155        0.7967335535561801       0.4537822265117555       -0.7523611349626194
0                         0                        20.650597675898158       -0.4968671795818738      0.7433182245797028       0.329270581472926        -0.7204659302420175
0                         0                        21.20304194253351        -0.49649196240364935     0.6050830133353386       0.007042975949065777     -0.637923325961232
0                         0                        21.490931006755364       -0.49631450295616053     0.7387791447694347       -0.2650010065574282      -0.4161932014337246
0                         0                        20.75636763776072        -0.496791811693325       0.7168519656203713       0.2675774775605504       -0.7046624752437936
0                         0                        19.621520177376706       -0.49768770931856376     0.41659856888280444      0.406828350905613        -0.45953017834512266
0                         0                        20.07655729039821        -0.4973053736589921      0.8869573185931614       0.664094689649815        -0.806235285167304
0                         0                        21.612783039876806       -0.4962622200455217      0.7356687966460234       -0.2824835053406787      -0.4419444807956765
0                         0                        22.111944289863207       -0.4960152904925686      0.7229273985967932       -0.35409975762603096     -0.5474334124596112
0                         0                        22.140969808603536       -0.4959993119320694      0.722186504370919        -0.35826414112501226     -0.5535674442239724
0                         0                        24.086382832222732       -0.4951123192954755      1.4047599170413232       -0.6669934730323135      -0.3949195304229711
0                         0                        24.50269949983526        -0.4949533441584222      1.5514845174785665       -0.7354926473813448      -0.36880265233224163
0                         0                        22.165803770246665       -0.49598649307407666     0.7278804706995601       -0.3509886376462248      -0.5154036069141341
0                         0                        22.998437105471723       -0.4955790966331748      1.0213296715738451       -0.48798698634429627     -0.4631698507327968
0                         0                        24.62810406679401        -0.49490758790226974     1.5956814867846318       -0.7561262418649957      -0.36093562215528774
0                         0                        24.71829786566704        -0.4948752889121959      1.6274689460217613       -0.7709663893653254      -0.3552774762463198
0                         0                        23.114615583947728       -0.49552570963342785     1.0622750435944752       -0.5071025550251846      -0.4558816026390673
0                         0                        23.429633837135288       -0.49538521131905733     1.1732985286604034       -0.5589344703119963      -0.4361194985608421
0                         0                        26.006961894198795       -0.49446954471148524     0.1653187475929485       0.8076045801840337       -2.8500768051236562
0                         0                        28.290185223343222       -0.4917492445904511      -0.7464543715856422      -0.258930588670097       -1.2371258473048297
0                         0                        29.43179688791543        -0.4903108436739689      -0.24193992896540095     -0.2715179905173386      0.06951379757619236
0                         0                        27.148573558771012       -0.4931354782696229      -0.45583302071035803     -0.6259341844207142      -1.1914297153111004
0                         0                        31.99617734156711        -0.4865113492971765      1.0103976810451725       -0.7597327974476249      -1.1780563370399175
0                         0                        32.037650000794905       -0.48646269578931456     1.0303531585798875       -0.7558159410053129      -1.1682368000723429
0                         0                        30.713987114741272       -0.4882164690523759      0.39344379520461636      -0.8808283612186756      -1.4816422311212705
0                         0                        30.73472344435517        -0.4881857961359904      0.40342153397199         -0.878869932997489       -1.4767324626375569
0                         0                        31.66088612082398        -0.48691965018536776     0.8490649729978377       -0.7913991434810441      -1.2574436876040593
0                         0                        31.692156597770097       -0.48688044508408873     0.8641114472730758       -0.7884458250451623      -1.2500397349740453
0                         0                        30.5463415043697         -0.4884681871037749      0.3127774411809252       -0.8966615342353634      -1.5213359064033227
0                         0                        30.561976742842763       -0.488444429594722       0.32030067831868436      -0.8951848750174065      -1.517633930088408
0                         0                        31.704131984461377       -0.4868654923525581      0.8698736666372624       -0.7873148179821428      -1.2472043066580483
0                         0                        30.564552007714187       -0.4884405220705066      0.3215398233661215       -0.894941655918629       -1.5170241811820517
0                         0                        32.77543073727825        -0.4856652329187482      1.2874086172708417       -1.3474714188847656      0.5397503879403018
0                         0                        32.8763494921379         -0.4857148885021889      0.7554793642463835       -1.3329400300163314      0.30106804939835285
0                         0                        33.12861669385399        -0.4858182329830339      0.2836309238416277       -1.3768428891268485      0.5182574922652208
0                         0                        33.45187903823565        -0.4853002420124693      0.7523227586697772       -1.862308371901701       -1.557416001707196
0                         0                        33.8607630436557         -0.48448929611160585     2.0276799744280636       -2.3673995250657356      -2.1386143115816765
0                         0                        34.9034825677628         -0.4838510895412462      0.33216707855283545      -0.6153907331474855      -0.3298554471605222
0                         0                        34.992453588127134       -0.4838238843289828      0.32740175661703574      -0.5942718131528295      -0.28169676729948634
0                         0                        33.88863235072353        -0.4844645838040095      0.3865228449719069       -0.8562842336648444      -0.8791786594742561
0                         0                        34.04005241499996        -0.48433766381597027     0.37841272831951756      -0.8203418761428907      -0.7972172481049213
0                         0                        35.50848609250645        -0.48375058891066725     0.29976285798758084      -0.4717819380229784      -0.0023761067680396764
0                         0                        35.5204910172147         -0.4837505993901999      0.29911986962113346      -0.4689323467356452      0.004121979051667779
0                         0                        34.12370734979625        -0.4842728666554061      0.37393213796314484      -0.800484827545624       -0.7519360856863884
0                         0                        35.91833278480205        -0.48379507605972427     0.4736794587647637       -0.08823949303308964     -0.7664669901922707
0                         0                        34.22082178197504        -0.4842023952965159      0.3687306517705764       -0.7774329178888806      -0.6993694990603672
0                         0                        35.921589001327774       -0.4837926084649007      0.47320219107626826      -0.0917851068511446      -0.7491538563486131
0                         0                        35.943353059751324       -0.4837775630872446      0.8602454115228397       0.19324215302513892      0.3433030522418523
0                         0                        36.636483705723684       -0.4839336753573669      0.6259847385006765       0.07777332284436511      0.10715248894545937
0                         0                        36.79135973502859        -0.48394618457824734     0.5736405475882549       0.05197248135687005      0.0543860129946907
0                         0                        37.042509934569544       -0.4841571156729033      0.9529419733009377       -0.6343283371895154      0.9160503643933566
0                         0                        37.070959116667154       -0.4841834220862651      -0.2528506671308932      -0.8614381973145484      0.24883796927815638
0                         0                        36.95996632688177        -0.4840835685278848      0.8749478586202031       -0.6436753495822174      0.8659687907821763
0                         0                        36.86496995913086        -0.4840040422919588      0.7851873331456432       -0.6544324784681947      0.8083317705745117
0                         0                        36.93327875830334        -0.48406067399045843     0.8497312083845259       -0.6466973768622566      0.8497766776954734
0                         0                        37.843423952138245       -0.48444949672482224     -0.07935644763800553     -1.0457342290957001      0.4400597677809799
0                         0                        38.48584386555061        -0.48478328173933594     0.06492991511439428      -1.199003912506928       0.5990892608994187
0                         0                        38.50997485039691        -0.4847978104272376      0.07034969112131151      -1.2047611257106468      0.6050628277338426
0                         0                        38.78682714983006        -0.48497481037619533     0.13253022206510456      -1.270813038797097       0.6735969437043856
0                         0                        37.62317216703962        -0.4843585771469676      -0.12882460436571108     -0.9931861672002427      0.38553697200300974
0                         0                        38.83327677169546        -0.48500636574980777     0.14296272400075205      -1.281895072042511       0.6850954350595675
0                         0                        38.896606421417914       -0.4850502490164054      0.1571864499813026       -1.2970043723004903      0.7007725364141579
0                         0                        39.24552684263386        -0.48530983176185954     0.2355533520903208       -1.3802504258224033      0.7871469413261245
0                         0                        39.41131192196765        -0.48544373086449766     0.21788490429453589      -1.353486389731934       0.8013278722261603
0                         0                        39.88406641269114        -0.4858614032839788      0.21559577265736607      -1.2903091183931394      0.4669705683557215
0                         0                        40.06339083719535        -0.4859403501885348      0.2185439755456855       -1.3496655149863699      0.41352192199203586
0                         0                        41.06776926872931        -0.4867170787987373      0.4165947588036438       -1.6343395660127804      0.834500930687776
0                         0                        41.085972845724235       -0.4867322898783897      0.42187125389767033      -1.6412231348591604      0.8367178255600312
0                         0                        41.307007282067914       -0.48692020827160076     0.485940371704511        -1.7248059252320052      0.8636361674147346
0                         0                        40.80398604205369        -0.48650118839454726     0.34013446191529795      -1.5345915878069611      0.802376492574691
0                         0                        40.943801729965614       -0.4866145635534854      0.38066148534330324      -1.587462016175035       0.8194037329726704
0                         0                        41.41757847125248        -0.487016446011302       0.5179905746642319       -1.7666177292195624      0.877101911119579
0                         0                        42.037469296373786       -0.4875835519800792      0.6976723426233136       -2.001025569677701       0.9525943702097166
0                         0                        42.10855485425309        -0.48765157537780096     0.7182772269006463       -2.0279061290199785      0.9612514165034263
0                         0                        43.13113686278198        -0.4886982066867682      -0.20997392089731903     0.6791806047450564       0.11284328688651613
0                         0                        40.42794408184596        -0.4862080717172579      0.23113480988190815      -1.3923936712678682      0.7565807957411153
0                         0                        46.119984888507226       -0.49314953556717217     1.6484829716484661       -2.452420331008142       1.522066728688337
0                         0                        46.451930934326704       -0.49365598712902775     1.6727271735415528       -2.358889289703015       1.529342186910938
0                         0                        44.6255608756446         -0.4908993968128057      1.539335361854441        -2.8734979001937546      1.489312551889867
0                         0                        44.79153389855434        -0.49114688440154874     1.5514574628011388       -2.82673237954117        1.492950281001157
0                         0                        45.98869827523745        -0.4929498974689217      1.6388942472215646       -2.4894124078930453      1.5191892421749102
0                         0                        45.649715320834645       -0.4924361774804993      1.614136093634908        -2.5849262093354426      1.5117595518564446
0                         0                        44.52864705368887        -0.49075516476949627     1.532257108339195        -2.9008049002276124      1.4871884342156818
0                         0                        44.390426091808315       -0.4905498135218015      1.522161922847701        -2.9397508393574867      1.4841589634739307
0                         0                        45.45405153048132        -0.4921408004265337      1.599845480758919        -2.640057572663629       1.5074710725981149
0                         0                        44.292594196631654       -0.4904047203251748      1.5150166164098664       -2.9673165210216155      1.4820147238447419
0                         0                        46.61550886433101        -0.49390644699084507     1.807886429644995        -2.1373131354192196      1.8236370735427556
0                         0                        47.02683253492455        -0.49452362321581195     1.4859956905042822       -2.171356888369516       1.1103596903727109
0                         0                        47.04791709338541        -0.4945470417234337      1.5107332254819141       -2.1778813490869027      1.1110297369192565
0                         0                        47.153175437380824       -0.49466416291860615     1.6342279607929662       -2.2104527653607846      1.1143747436461595
0                         0                        48.852077384667325       -0.4971598358680081      1.860220305033863        -1.1796747671152872      1.395888391821728
0                         0                        49.02461806938384        -0.4973994023982638      1.8945027600970974       -1.0705590560655782      1.3810396196713208
0                         0                        47.72334791911939        -0.4955294342820779      1.6359507813284893       -1.893489705419384       1.493026331669733
0                         0                        48.068429288552416       -0.496039525818582       1.7045156914548159       -1.67525828332019        1.4633287873689955
0                         0                        49.0382630459371         -0.4974182386399789      1.8972139078839234       -1.0619298952314828      1.3798653392505957
0                         0                        48.09571924165897        -0.4960794279465113      1.70993798702888         -1.657999961651786       1.4609802265276026
0                         0                        49.98080685021526        -0.49868059499900885     1.8949457785474308       -1.2521014945423872      0.5818669786649053
0                         0                        48.15313903308585        -0.4961631752558476      1.721346840671373        -1.6216873587421432      1.4560387056265038
0                         0                        54.74680329052031        -0.49852423815171565     2.6178995146904804       0.3618492574273066       -1.1293792456467517
0                         0                        54.81305507023531        -0.4984484048658774      2.6197966914737556       0.3833386895752855       -1.1598659992238298
0                         0                        52.36380507036778        -0.4999089817296656      2.5496603078734736       -0.4111002207731991      -0.03280674865198563
0                         0                        52.39693096022528        -0.4999076425017131      2.5506088962651603       -0.40035550469920533     -0.048050125440493474
0                         0                        53.48159654481848        -0.4995848322242433      2.5816692296419816       -0.04853329579313925     -0.54717531925853
0                         0                        51.73120169751686        -0.49983765934763513     2.5315451653492005       -0.6162914973834646      0.258295214542132
0                         0                        53.44669257201593        -0.49960365051008243     2.5806697243134593       -0.059854750982094806    -0.5311137308413185
0                         0                        51.71374971111559        -0.49983308150640793     2.5310454126849606       -0.6219522249778304      0.2663260087507471
0                         0                        55.17963543291626        -0.49799230201003253     2.630294035941997        0.5022427230137736       -1.3285534704333446
0                         0                        55.197940460211775       -0.49793824939153325     2.5840884272137146       1.1382597638756473       -2.9068258622633536
0                         0                        55.199497336185644       -0.49793372992295587     2.8503283120871927       1.697191935627913        -1.0784750413466355
0                         0                        55.51881205867525        -0.49758059731500076     2.64537918816176         1.6613126189944332       -1.1333403438111276
0                         0                        55.5590682510722         -0.49753483412403        2.6195411331543514       1.6567892927218146       -1.140257244336965
0                         0                        57.316256112734074       -0.4952659197119176      1.491706782103087        1.4593455319656528       -1.4421808223208927
0                         0                        57.33638420893256        -0.49523685655158056     1.4787877545993808       1.4570838688292724       -1.4456392725838327
0                         0                        56.48260234894426        -0.4964084928672463      2.0267795379529217       1.553017778332956        -1.2989407438667442
0                         0                        57.7981512578686         -0.4945509892680305      1.182406956998637        1.4051981116349452       -1.524981022348669
0                         0                        56.50423161305476        -0.49638035754350823     2.01289700007288         1.5505874387308989       -1.3026571278412646
0                         0                        57.808965889923876       -0.494534487111551       1.1754656880586651       1.4039829418339451       -1.5268392143359506
0                         0                        55.20416608103385        -0.49792869292554487     2.8473317225187884       1.6966673391628575       -1.0792772345440937
0                         0                        56.531624882572174       -0.4963446090388472      1.9953148900302473       1.547509435364823        -1.3073638949012576
0                         0                        59.11370016679298        -0.49239611862708416     0.4676483625226737       -1.9173542627594884      -1.3579034908479315
0                         0                        60.97794255667006        -0.48817802129282845     -1.068365508931862       -2.2612234438975216      -2.105748201998738
0                         0                        60.97911645022659        -0.48817554948455005     -1.0685249872154223      -2.2621628300130245      -2.1055506239655557
0                         0                        60.99026731878907        -0.4881520812302813      -1.0700398787226106      -2.2710861016716968      -2.103673821194887
0                         0                        60.04582136173153        -0.4902139518915357      -0.9417329982915632      -1.5153110878686586      -2.262633527249495
0                         0                        60.1218751071768         -0.490042356904251       -0.9520652134387504      -1.5761716591740758      -2.249832920788137
0                         0                        61.13005004756056        -0.4878596682855058      -1.089029939226073       -2.382944586508546       -2.080146989076038
0                         0                        60.742846356165444       -0.48867772596020126     -1.0364267199915513      -2.073092156073503       -2.145317245253742
0                         0                        61.29233322140918        -0.48752431172179356     -1.111076778039255       -2.5128086269429675      -2.0528331068788965
0                         0                        60.97677013963055        -0.4881804902235777      -1.0682062312390563      -2.2602852393369033      -2.105945531519442
0                         0                        61.50927810037315        -0.4870829208539137      -1.1405496350485933      -2.686414663019711       -2.0163191126874764
0                         0                        61.91006375160857        -0.4862883268309624      -1.1949980195721395      -3.0071357999265267      -1.9488628767479312
0                         0                        63.31737922700692        -0.48536358624870657     -1.177622954746063       -2.615140963413621       -0.4519921345966864
0                         0                        63.728925645967394       -0.4855334587108837      -1.5992215513136756      -2.9785544644194797      0.18231882987113934
0                         0                        62.97050895034846        -0.4855379042731082      -1.2648662316193082      -2.636724420075535       -0.553098449012273
0                         0                        62.993295538950875       -0.4855253767190968      -1.2591350496986085      -2.6353065604874004      -0.5464565769732381
0                         0                        62.646042153195886       -0.485732709759385       -1.3464746844763251      -2.656913855509442       -0.6476745606535008
0                         0                        62.9535264674437         -0.4855473392904034      -1.26913759056173        -2.6377811283276804      -0.5580485308487422
0                         0                        62.372966272994596       -0.48592044201637113     -1.415157521337715       -2.673905572074289       -0.7272711639396761
0                         0                        62.37205909165533        -0.48592110190314114     -1.4153856915733556      -2.6739620200043586      -0.7275355906370713
0                         0                        62.37263339714612        -0.4859206841235258      -1.4152412447979543      -2.6739262847496557      -0.7273681911353513
0                         0                        63.29051355490016        -0.48537583451171307     -1.1843800896974273      -2.616812637548353       -0.4598229845535826
0                         0                        62.09550699987799        -0.4861334498045985      -1.4849428497861368      -2.6911700383595516      -0.8081454457474635
0                         0                        65.51531680581554        -0.48687369155496507     -1.6203493642326734      -3.0443298439975695      1.3181731947259494
0                         0                        65.78266230350215        -0.4872488220236417      -1.6235112840780666      -3.054173573626274       1.4881614690170917
0                         0                        64.89010371337548        -0.48617382411068283     -1.6129549113556045      -3.021309337964616       0.9206393085457254
0                         0                        65.23481492510183        -0.48652895575416244     -1.6170318426325254      -3.034001692979408       1.1398195996568057
0                         0                        64.37368610275814        -0.4857831745943591      -1.6068471926708483      -3.0022947094092185      0.5922816619721285
0                         0                        66.05201899451211        -0.4876727342377515      -1.6266969904923236      -3.0640913559078555      1.6594285353031637
0                         0                        66.74070420423624        -0.4889663429414245      -1.6348421339513663      -3.0894489215393897      2.097320369442464
0                         0                        68.24659348337067        -0.4928456202726696      -3.5049582506039645      1.5055379222679832       4.920266523873963
0                         0                        64.32258581311197        -0.4857537389918197      -1.6062428248348084      -3.000413183669748       0.5597901851083247
0                         0                        70.91035403403919        -0.5020772162201186      -1.293696732706053       -1.2374508719657982      3.7042286220470757
0                         0                        72.24223430937343        -0.5071697007888062      -0.6644158227358048      -0.16795852206698214     4.79681966723593
0                         0                        69.57847375870492        -0.49730252271473985     -1.6052277768812218      -2.59876676775977        3.465625296212181
0                         0                        73.57411458470767        -0.5122022722589731      1.2633197456386114       -0.47069549810328226     3.830872743128053
0                         0                        74.90599486004193        -0.5173742284765818      2.426163900270595        -0.004729330730526726    3.935525353443856
0                         0                        76.2378751353762         -0.5226855694416321      2.5299099189440426       -0.9296701942743653      -1.1339827017567927
0                         0                        78.4983384232975         -0.5318576296622268      5.064345293420246        -1.7435450511467963      3.9684577135993764
0                         0                        79.03541375639213        -0.5339776150238682      5.263526336184924        -1.6582520801237592      3.926097225002383
0                         0                        77.36810677933683        -0.5273219763642633      4.645184882323974        -1.9230372171754624      4.057601939215155
0                         0                        77.63664444588417        -0.5284087514741074      4.744775403706228        -1.88039073166388        4.036421694916649
0                         0                        78.45487909676363        -0.5316850886788298      5.048227863623268        -1.7504468298179177      3.9718854604956606
0                         0                        77.3463771160699         -0.5272337874195062      4.637126167425507        -1.9264881065109734      4.059315812663295
0                         0                        79.41941261879819        -0.5354794168127643      5.405937072857043        -1.5972691940630313      3.8958102644403705
0                         0                        79.56338107745734        -0.5360394732196023      5.459329559821015        -1.5744055531248762      3.8844551083280545
0                         0                        78.23566502245431        -0.5308125003821855      4.966929607644886        -1.7852602322138864      3.989175428444075
0                         0                        79.6010931930571         -0.5363088160197019      4.641527114257713        -1.0040594543093277      7.2879186226774095
0                         0                        80.28647501105988        -0.5390320826587937      4.14621488660005         0.02745997292484148      3.768407000796657
0                         0                        80.37491622239331        -0.5393630261685319      4.140078442442818        0.06552818639283231      3.715513781126539
0                         0                        82.25781589922073        -0.5452988100808379      4.009434497766076        0.8759945488007546       2.589425335233983
0                         0                        82.30203650488745        -0.5454127312949383      4.006366275687377        0.8950286555347446       2.562978725398949
0                         0                        81.14378105783193        -0.5420429813084153      4.086731184348761        0.39647470150996966      3.2556858793557666
0                         0                        82.6864689226068         -0.5463538302149032      3.9796926466403946       1.0605019130933115       2.333064774513474
0                         0                        80.2117575568879         -0.5387488474850679      4.1513991155153995       -0.004701051922301858    3.8130925795798234
0                         0                        82.17702142102297        -0.5450876468171091      4.015040377606475        0.8412177586969349       2.6377453437347924
0                         0                        84.22915678738163        -0.5492413627391661      2.407118247717051        3.6125602256725244       2.55675279849957
0                         0                        87.65381247170063        -0.5531713256982261      2.2214374133706656       1.9999768698790241       1.0107884823360678
0                         0                        87.86154677805234        -0.5533689379705434      2.329962210144771        2.068484540413884        0.8917597850901586
0                         0                        87.38338191300575        -0.5528770256280653      2.206476241590405        2.03749677135181         0.877671902548304
0                         0                        87.93015820129831        -0.5534287742066669      2.3658062692937705       2.0911115626963905       0.8524464503377658
0                         0                        87.98699474046734        -0.5534762988291649      2.395498879873898        2.109855404135544        0.8198799506966452
0                         0                        85.28056516258965        -0.5506459810625386      3.2815653083559084       2.227989813963653        1.2442862424827226
0                         0                        85.61091549981826        -0.5510475182224959      3.1126699275832266       2.198063553934567        1.1866915087494334
0                         0                        86.33197353779772        -0.5518578686921716      2.7440207749731016       2.132743292657725        1.0609790725154777
0                         0                        86.42228525405244        -0.5519529765386625      2.697847879152782        2.12456200267634         1.045233729876168
0                         0                        85.70327631993865        -0.5511563783991523      3.065449404021521        2.1896966367319877       1.1705889163111642
0                         0                        86.2488056093714         -0.5517690262988151      2.786541327721764        2.1402774307278314       1.0754789357002466
0                         0                        86.99267421225494        -0.5525208054015448      2.406230013427643        2.072890772599634        0.9457896050487334
0                         0                        86.98143156702098        -0.5525101612062379      2.4119779441354594       2.073909237806867        0.9477496973682142
0                         0                        88.19216810079776        -0.5539507068602126      2.1753078806504185       1.8845004350433214       1.2496097450399475
0                         0                        89.99916952029089        -0.5534235761051663      2.928652809832272        0.8854823189367877       -0.6417398609163065
0                         0                        90.11660721680919        -0.5533455401581315      2.954141183806911        0.8421395763659447       -0.6872362574573287
0                         0                        88.91951226576687        -0.553890641774519       2.6943267911558166       1.2839515314210992       -0.223471144511997
0                         0                        89.15438765880349        -0.5538274679175998      2.7453035391050236       1.1972660462792817       -0.3144639375939846
0                         0                        89.83093738516037        -0.5535260551403682      2.8921401422488486       0.9475717701206818       -0.5765652521003091
0                         0                        89.85114401290706        -0.5535143256099299      2.896525736483369        0.9401141079677942       -0.5843934774143626
0                         0                        88.58304799550581        -0.5539439029028866      2.621301455988842        1.4081304337885818       -0.09312192687985998
0                         0                        88.69500963293757        -0.553931048655766       2.645601320259644        1.3668087409005096       -0.136496849966683
0                         0                        91.07882677481493        -0.5525049235818078      1.2461664922277436       1.3045763618173396       -1.1721832030927466
0                         0                        93.3512676539563         -0.5515013012637758      2.0917854098811905       0.4107152361865758       -0.9532577654121752
0                         0                        93.68255571515179        -0.5511607892681945      2.1458050653705047       0.29176888535954504      -1.1024275155656937
0                         0                        94.12692274517039        -0.5506264510058894      2.2182633175207527       0.13222242763986758      -1.3025135633548537
0                         0                        94.33093791770351        -0.5503513478222564      2.2515299233110997       0.0589723980474961       -1.3943758906734587
0                         0                        92.38069124498335        -0.5522144284533231      1.9335237355857906       0.759192997895255        -0.5162343486644545
0                         0                        93.19358711888393        -0.5516460138674326      2.0660741054916745       0.46732918169260174      -0.8822586296873851
0                         0                        93.24973572145618        -0.551595766499694       2.075229666836808        0.4471694712705556       -0.907540775343179
0                         0                        94.98442018532026        -0.549344006026421       2.3580863951552757       -0.1756552271759837      -1.6886206824670467
0                         0                        96.2920432176323         -0.5484145151079117      1.7879698284741892       -0.711420312213292       -0.6558629484437049
0                         0                        96.33436861310628        -0.5483868307468315      1.7683335690933006       -0.73478729146494        -0.6523049148536586
0                         0                        96.94713790327216        -0.5480029007257637      1.484048057107131        -1.0730845980582373      -0.6007931996544542
0                         0                        95.63081059593756        -0.5488665706327865      2.094739207124917        -0.3463673982684341      -0.7114486754633571
0                         0                        95.96577904429623        -0.5486329739153748      1.9393354061036518       -0.5312965807390952      -0.6832899547352085
0                         0                        95.49747868352235        -0.548962176663125       2.156596633065348        -0.2727575950734362      -0.7226570627135676
0                         0                        95.4770218556204         -0.5489769775238746      2.166087284583128        -0.2614638016478281      -0.7243767414078235
0                         0                        96.21550740018652        -0.5484649583263824      1.823477521821431        -0.6691664634721946      -0.6622968401123259
0                         0                        97.92849676224816        -0.5474537864575878      0.5203387910080153       -0.28613231413726936     -0.6313544544020573
0                         0                        99.26037703758242        -0.5466457788975951      0.5902230248671465       -0.7541920502605901      -0.37592608341980593
0                         0                        100.59225731291667       -0.546452409386607       0.540928194377102        -1.1501132740549735      0.08555537282501291
0                         0                        101.92413758825093       -0.546873677924624       0.5014574401017597       -1.5046880073930424      0.5791737279958227
0                         0                        103.2560178635852        -0.5487677170911326      1.8059004711425786       -1.577272150657194       1.6792361879476096
0                         0                        104.58789813891943       -0.5513467610373336      1.9193501342603128       -0.4451132510146891      2.1935502688593305
0                         0                        105.91977841425373       -0.5546108097632285      0.462595243465735        0.6188863189483271       1.7755309595399353
0                         0                        107.25165868958796       -0.5585989473532416      1.0711959015891885       0.6795948459833028       2.819025343540787
0                         0                        108.5835389649222        -0.5621200182646869      1.699395180882675        0.9107046455450103       2.46834316345479
0                         0                        109.91541924025641       -0.5651740224975651      2.300913832963154        1.0518619948242502       2.0516710640811056
0                         0                        112.57917979092493       -0.5692504273078818      1.5664579156537997       1.1273666891410556       0.8082540870468102
0                         0                        113.91106006625915       -0.569846072619296       0.8371920121025198       2.950447292400952        1.3028893086438416
0                         0                        111.24729951559067       -0.5676930772673048      1.6442538247838314       1.3196228951291715       1.5303195361513795
0                         0                        115.11609460108535       -0.569237010754193       3.3938536968668647       3.8664200563405213       -1.107593394786667
0                         0                        115.71861186849841       -0.5683882600020214      3.0666443670858          4.290088391412258        -1.7097557438221216
0                         0                        116.32112913591159       -0.5671766960367697      2.7394350373045597       4.713756726484199        -2.3119180928576952
0                         0                        117.5261636707378        -0.563665128467027       2.9086404160060795       6.166830855753062        -2.9642784291585826
0                         0                        118.57264102992903       -0.5599896055306784      2.51742243377066         6.166510754657541        -4.060284317595894
0                         0                        118.92146681632607       -0.5585095544746091      2.3870164396920677       6.166404054292361        -4.42561961374156
0                         0                        118.22381524353193       -0.5613422182147713      2.647828427849049        6.1666174550226245       -3.6949490214500997
0                         0                        119.61911838912022       -0.5551671372465401      -3.5582831531888175      5.767191654771267        -7.635834886906508
0                         0                        120.52289429023986       -0.5505450905393541      0.22529411416736878      2.8316190212952606       -5.5033283498589824
0                         0                        121.42667019135955       -0.5452195861694377      -0.17874019166561084     3.220267439706248        -6.281682432832127
0                         0                        122.33044609247922       -0.5391906241367932      0.08509282471338508      3.027948940452177        -6.326230781908818
0                         0                        123.32935629897992       -0.5329006341382535      0.12289609993808881      2.7914485129127087       -6.267473752504023
0                         0                        124.3282665054806        -0.52666933713609        0.16069937516292043      2.5549480853731694       -6.2087167230993385
0                         0                        125.32717671198127       -0.5204967331303025      -0.6332288382149756      3.3321633397307266       -5.194173338002628
0                         0                        128.93331169183688       -0.5014834777543932      0.2813303946525423       0.9635751831120309       -4.571875773395902
0                         0                        129.2154122050548        -0.5002382878139209      0.3501924124431621       0.02996914985359922      -4.900295050951598
0                         0                        129.6225809465886        -0.4982859470831013      0.18863834498448995      -0.059433790019539856    -5.172727142054725
0                         0                        126.52922170526651       -0.5138776205711671      0.015657382022339128     1.9996836720058748       -5.3895088883876925
0                         0                        126.57783217404014       -0.5136158640832578      0.016103847398452498     1.9784460992687085       -5.380043206591078
0                         0                        127.73126669855172       -0.5075398687791975      0.02669762672055498      1.4745186484566801       -5.1554404726985155
0                         0                        127.82848763609906       -0.507039572285431       0.02759055747296202      1.4320435029823937       -5.136509109105063
0                         0                        126.98175758730126       -0.5114586131722277      0.019813721344227986     1.8019739203133955       -5.301388761818377
0                         0                        128.63633846262132       -0.5029535802144206      0.0350103053645654       1.0790991450716376       -4.979200219559772
0                         0                        127.07528245463742       -0.5109636531124546      0.020672705347859477     1.7611135619811873       -5.283177116125273
0                         0                        128.8233881972936        -0.5020256286179667      0.036728273371679165     0.997378428407437        -4.942776928173373
0                         0                        127.1478096163915        -0.5105809914167958      0.021338834833429132     1.7294269538897433       -5.269054252221572
0                         0                        128.85057433763455       -0.5018913255500689      0.036977965890130804     0.9855009944410824       -4.937483102373307
0                         0                        129.78103464779758       -0.49747600909905904     0.20319581855534619      -0.056075290179389725    -5.050296717434975
0                         0                        129.89427333506683       -0.49690907402148343     0.21359929404728817      -0.053675143573762796    -4.962802007876505
0                         0                        130.53202818877614       -0.4943759524856442      -0.20663909311009476     -0.28057941350461846     -3.650042041978807
0                         0                        130.54772400067003       -0.49431878645690513     -0.21673267472994118     -0.2736991318833155      -3.6341977444798417
0                         0                        130.33724369622152       -0.4951060740366845      -0.08137808799789781     -0.3659634747620615      -3.8466692358504666
0                         0                        130.2531639949697        -0.49543306897390077     -0.027308548117108256    -0.40281993221428536     -3.9315443483499735
0                         0                        130.0131873861522        -0.4964056144412342      0.12701436963501767      -0.5080140223540468      -4.173791185189003
0                         0                        132.2836805986447        -0.48725053860332        -0.1710462236215875      -0.9720481209026275      -4.0052345769473305
0                         0                        132.84478526761256       -0.48501523228499915     -0.28319235727782655     -1.160458526336896       -3.96228535986873
0                         0                        132.10851037561736       -0.4879533107993037      -0.1360355307318173      -0.9132286268475909      -4.01864281314748
0                         0                        131.22950050666626       -0.4915153086868733      0.0396492633901282       -0.6180704951313984      -4.085925777919902
0                         0                        131.35949420849565       -0.4909848108040523      0.01366785231652301      -0.661720401147349       -4.075975535073043
0                         0                        131.53227234774806       -0.49028171384269753     -0.020864742703778916    -0.719736669888519       -4.06275039862428
0                         0                        131.8518393432997        -0.488987301360001       -0.084735540751538       -0.8270424018226592      -4.0382894503873565
0                         0                        133.15595468592932       -0.48378599599644617     -0.3453847593486401      -1.264944479682569       -3.938467196102419
0                         0                        134.460070028559         -0.47871487036623933     -1.0074161051888382      0.07249944479889336      -2.5985924049239557
0                         0                        136.0309200501821        -0.47189160267405655     0.39000188850784134      -0.8536837087751508      -4.076361785988528
0                         0                        136.07079089483653       -0.4717293452084751      0.40192713089606613      -0.8457050240871808      -4.062791873162947
0                         0                        135.609286517648         -0.4736405860385139      0.26389264457141515      -0.9380581693394561      -4.2198633929998834
0                         0                        135.58500156589213       -0.47374316557869184     0.25662909300675807      -0.9429179101951419      -4.228128697664392
0                         0                        135.28476223378743       -0.4750279561656835      0.16682846698884646      -1.0029997816114076      -4.330314181788765
0                         0                        136.1094544390159        -0.4715725176624167      0.41349127356523496      -0.8379679362326513      -4.04963286114336
0                         0                        136.15001978362903       -0.4714085229381744      0.42562423867469423      -0.8298502728941131      -4.035826577506516
0                         0                        136.75850300673707       -0.4690157971803623      0.6076196287304707       -0.7080847116885387      -3.8287312835656486
0                         0                        136.93414664424432       -0.4683485548564399      0.660154080141754        -0.6729360908538364      -3.768951540497894
0                         0                        138.1485383121964        -0.46248397232672994     0.7999168672909533       0.39491662726984345      -5.078091388600782
0                         0                        138.32906000598          -0.46156058862637134     0.7865138486973962       0.558390963280516        -5.152077418319401
0                         0                        137.61323707850036       -0.46514356080791186     0.8396608572679121       -0.08983405233007247     -4.858700510116334
0                         0                        137.63160332511214       -0.4650542555917661      0.838297236421802        -0.07320220101653163     -4.866227836273932
0                         0                        137.270559937545         -0.46678446280764563     0.8651032736088604       -0.4001508730377914      -4.718255776836541
0                         0                        138.05460411995676       -0.4629591705757739      0.8068911078864254       0.3098530020443775       -5.039592869154244
0                         0                        137.08269155306576       -0.46766364124334653     0.8790517547998915       -0.5702781234886105      -4.64125873794353
0                         0                        138.01117715779887       -0.4631776383204309      0.8101153873016713       0.2705270149293497       -5.02179451791196
0                         0                        137.66430176341794       -0.46489491844008496     0.8358695072807123       -0.043591601987866824    -4.879629148756333
0                         0                        139.0265166868478        -0.4578675539602561      0.5072713548272461       -0.8405201525822923      -4.731074227683365
0                         0                        140.54866557294406       -0.44917468218479617     0.815118928797272        -0.12495621782748878     -6.690767426392721
0                         0                        142.07081445904035       -0.4374988655898302      1.1229665027671487       0.5906077169272983       -8.650460625102113
0                         0                        143.59296334513664       -0.4228401041753582      -0.7376111116931838      1.4552955720671719       -14.314580940759072
0                         0                        147.70789213973453       -0.34500084534610287     -0.021377547846338274    0.32266675814861867      -27.052105981684164
0                         0                        147.71297017813802       -0.3448634227295127      -0.019914848625640857    0.3239868998518711       -27.07218598728784
0                         0                        147.9700841790471        -0.33777208054842384     0.32005916621378283      0.38067482278550474      -29.43481413415641
0                         0                        145.6504277424356        -0.39229003251805344     -0.6140181171629777      -0.21221390596388456     -18.916307599646117
0                         0                        145.93593540789053       -0.38672811570679233     -0.5317793063132683      -0.13799024993939402     -20.04528597016727
0                         0                        147.0524630903147        -0.3618822264991427      -0.21017004676137274     0.15227434421784225      -24.460353430917724
0                         0                        147.46033260209018       -0.3515766816174259      -0.09268562273778613     0.25830850724697774      -26.073185282755375
0                         0                        146.51104390107696       -0.3745459622308187      -0.3661226731932121      0.011521164778716758     -22.319428236981267
0                         0                        145.5189789785367        -0.3947423951734854      -0.6518811637241839      -0.24638674619545442     -18.39652186626803
0                         0                        145.05200362310677       -0.4029019701064641      -0.7863906798363764      -0.3677867026488706      -16.549968727294612
0                         0                        147.9746615792864        -0.33763726650489545     0.31620171745240455      0.38035571647534544      -29.469383218263676
0                         0                        148.08081030360904       -0.3344665821084151      0.2267484811701177       0.3729557239074751       -30.271031312630484
0                         0                        148.1440877965306        -0.3325359876357343      0.17342352072636302      0.368544432294477        -30.748910645995867
0                         0                        148.39416168076065       -0.3246103447922949      -0.03731776134559439     0.35111092193893245      -32.63749907721032
0                         0                        148.51764842930294       -0.3207119487002277      -0.45698953088364913     -2.215456379499976       -32.16937672251408
0                         0                        150.04461007839458       -0.26026111018199977     0.24388967672969297      -0.9837363070224079      -47.00856275512591
0                         0                        150.57182402788044       -0.23412694328007544     0.48588219525706844      -0.5584603975336506      -52.13208755357948
0                         0                        149.3445503433441        -0.2907885680798414      -0.07743948872511475     -1.548437868523874       -40.2053030605981
0                         0                        149.8047743293264        -0.2712559453443012      0.13380446937416846      -1.1771992577132675      -44.677811815957995
0                         0                        150.98527498490105       -0.21174226643080846     0.6756572163363135       -0.22495114204569688     -56.15005072262176
0                         0                        151.0577184648219        -0.207649060749137       0.70890895440969         -0.16651477699892325     -56.854064655148974
0                         0                        151.2153869778922        -0.19856417187663072     0.7812791953859239       -0.03933183664031503     -58.38630510030173
0                         0                        149.06592802031486       -0.3016134525177779      -0.20532783032447677     -1.7731879191356228      -37.49761980821969
0                         0                        152.62599962645797       -0.1065350243892878      -1.4421719875962964      -0.6544425891798298      -73.77334295848085
0                         0                        155.1909124774694        0.10787636675346275      -0.896683219310539       2.8950898787911328       -93.18019877884163
0                         0                        156.47336890297512       0.23352283594851253      -1.306397172481482       0.4589169605881054       -102.76637171847996
0                         0                        153.9084560519637        -0.005476253359134084    -0.4869692661396101      5.33126279699389         -83.59402583920362
0                         0                        157.7558253284808        0.35946086033668545      -0.6949679558774227      -2.5631900856756005      -94.15893602404718
0                         0                        159.03828175398647       0.47503230099414945      -2.003408194603044       -3.645902529841848       -86.07555515859728
0                         0                        160.32073817949214       0.5802371579209075       -3.7556695703793253      4.35699352762731         -78.64363421945937
0                         0                        161.65553746178537       0.6748726505360186       0.2680980352832023       0.053844536862811765     -64.26632677274345
0                         0                        162.46358610825772       0.7235586317211821       0.18255551212860155      0.09975591910517778      -56.236272662849885
0                         0                        161.6330889555206        0.6734274635456207       0.2704745034268683       0.052569066683730625     -64.48941076747506
0                         0                        162.94543973154904       0.7495026144535346       0.13154500068517905      0.12713368402120295      -51.447810130340144
0                         0                        163.6256241770019        0.7821977978619893       0.059538576407959454     0.1657801296365733       -44.68841770323907
0                         0                        163.70686434856842       0.7857954987161047       0.0509382411587751       0.17039600095384344      -43.881086391659935
0                         0                        162.49744735720648       0.7254571650094752       0.17897085582748673      0.10167983389737856      -55.899773539344714
0                         0                        164.22929408700233       0.8073641362572274       -0.004367783041260509    0.20007920322228756      -38.689395165448666
0                         0                        164.25779050757748       0.8084626106446516       -0.08995602891793197     0.43817313012090153      -38.96615047957289
0                         0                        164.29061053687454       0.8097364806397157       0.07362256075323614      0.3672681076166455       -38.92918417638415
0                         0                        165.5613569290174        0.8544061872164237       0.07557257559659547      0.18239825858905867      -31.37549164706139
0                         0                        165.58476530971672       0.8551390080742687       0.07560849676090342      0.1789927767141819       -31.236345306371085
0                         0                        166.16411980247585       0.8722383187711912       0.0764975410795401       0.09470752650845071      -27.792490788393877
0                         0                        166.20637252049195       0.8734073208949736       0.07656237968765822      0.08856054576634165      -27.54132813123798
0                         0                        164.78387048085762       0.8282155482860205       0.07437948929407412      0.29550800509788644      -35.99710112903774
0                         0                        165.24849152868327       0.8442989534781198       0.07509247022041876      0.22791432669142608      -33.23525615381102
0                         0                        164.73030213623082       0.826278714387921        0.07429728637161048      0.3033011980160154       -36.31552721870999
0                         0                        167.16425351230058       0.8970615828902762       -0.6634722298305746      0.3549765469498425       -21.97876015361328
0                         0                        164.6735201953418        0.8242070655019198       0.07421015204774761      0.31156190912594894      -36.6530558753687
0                         0                        170.0889745465198        0.9465405748530537       0.03772878422000403      0.07647240929592503      -11.366017523244523
0                         0                        170.1036630741562        0.9467071153893585       0.03834484481057743      0.07542299703262678      -11.310256154764884
0                         0                        169.85930600027226       0.9438300364339464       0.028096114172907305     0.09288092857747102      -12.237897452430241
0                         0                        168.5117797562864        0.9238924790538496       -0.028421314531712483    0.18915406095854337      -17.353448124814925
0                         0                        168.77394607817436       0.9283115082428265       -0.017425635247221294    0.17042375932203413      -16.358198414320476
0                         0                        169.3870951738234        0.9376279186895092       0.008290828868432243     0.12661772265418847      -14.030529263149175
0                         0                        168.275674343062         0.9196894234948656       -0.03832395718376347     0.20602245799710062      -18.249764030174298
0                         0                        169.12385988687106       0.9338030617587165       -0.0027496845381733692   0.14542439580172228      -15.029837035576207
0                         0                        168.14405669958583       0.9172545509256884       -0.04384421388726878     0.21542579457064193      -18.749417916388026
0                         0                        170.6736302721573        0.9529725064351035       0.17619873909847428      -0.09996780928361204     -10.410262267811568
0                         0                        170.74883112628333       0.953749589670182        0.1956321381261148       -0.11073287118064812     -10.256610312544211
0                         0                        170.79389590374944       0.9542097268100865       0.2072777745058474       -0.11718392980790782     -10.16453301831909
0                         0                        170.8777610463774        0.9550549914652188       0.22895019831184982      -0.12918929147411973     -9.993178007883287
0                         0                        170.37423295296853       0.9497641259324461       0.09882850654943098      -0.05710884564125962     -11.02199712148856
0                         0                        170.6702293679567        0.9529370903143285       0.17531987769251955      -0.09948096715062071     -10.417211066281936
0                         0                        170.94463495494136       0.9557187055734641       0.24623174869805098      -0.13876234451132063     -9.856539841645969
0                         0                        170.98060960364964       0.9560719689886984       0.2555283146926115       -0.14391214399907426     -9.783035688291307
0                         0                        172.00822063558817       0.9650070258075054       0.1464493694877831       -0.11367409671269968     -7.90152726748245
0                         0                        172.1627805500147        0.9662098398848549       0.1638916272193569       -0.13776177713600646     -7.66284570480633
0                         0                        171.98966268413608       0.9648601237274201       0.14435508408791975      -0.11078189788163684     -7.930185673959144
0                         0                        171.97075703025516       0.9647099224032525       0.14222156008310094      -0.10783551071126851     -7.959381025344243
0                         0                        171.78069300227625       0.9631692376012017       0.12077262376751285      -0.07821462496701415     -8.25289037008518
0                         0                        172.42646135335258       0.9681767006810724       0.1936482982663108       -0.17885560762951513     -7.2556525045389435
0                         0                        172.99871576462252       0.9720759255549748       0.258227843139764        -0.2680396721424927      -6.371939689110718
0                         0                        171.21945797440364       0.9582942163785568       0.05743662852921716      0.00925210302511914      -9.119586330536634
0                         0                        171.20955739516305       0.9582038515058569       0.05631933718342452      0.010795077409341047     -9.134875454714148
0                         0                        174.007768845109         0.9777193744713623       -0.0858338810766952      -0.05818145885005066     -4.993333888322354
0                         0                        177.40249808245417       0.9897136917529218       0.008201024877112273     -0.038430726290130224    -2.2466750284453525
0                         0                        177.89901387444442       0.9907357716371812       1.760623350977042E-5     -0.06447979376174828     -1.8703335370319394
0                         0                        176.34422786454874       0.9869116665049296       0.025643105010304534     0.017090070338021235     -3.048806599182683
0                         0                        176.40214376074158       0.9870869696693391       0.02468855324701913      0.014051586745019051     -3.0049083886899837
0                         0                        176.6019321979993        0.9876721883789403       0.021395702448467002     0.0035699413146872416    -2.85347578642903
0                         0                        176.8380968911532        0.9883249413382611       0.017503309529320665     -0.008820137965289021    -2.674471262757134
0                         0                        176.92353202034693       0.9885506688824639       0.016095194338737438     -0.013302383003048701    -2.609714442413188
0                         0                        175.7051334637816        0.9848083990810628       0.03617645987773477      0.05061934258866074      -3.533217656834438
0                         0                        175.3048505215542        0.9833333893236671       0.042773798663354956     0.07161967639112277      -3.8366180358261204
0                         0                        178.0346405684944        0.9910107043382917       -0.0030981320468015383   0.004349335259768772     -2.002153381219756
0                         0                        178.73910116660258       0.9923297582853013       -0.02738113036161849     -0.005089476181427965    -1.742708859626596
0                         0                        178.7820888067635        0.9924043329399357       -0.028862929054781716    -0.005665451943407618    -1.7268770192568539
0                         0                        178.80540674582906       0.9924445000290593       -0.02966670640799407     -0.005977880531565116    -1.7182892975849953
0                         0                        179.06372945479936       0.9928760851250727       -0.023289989185940385    -0.001685948732642828    -1.5981702510710818
0                         0                        179.57402784445077       0.9936531612115045       -0.022495024454059376    0.01045824034378029      -1.447405052281482
0                         0                        179.89217409567908       0.9940986956600925       -0.021999402570060056    0.01802955216294322      -1.3534102763164526
0                         0                        180.05660637475572       0.9943172458767672       -0.02174324290893992     0.021942746340755548     -1.3048295522829392
0                         0                        180.28494621903823       0.9946101705148334       -0.020037243361549884    0.028471525072674808     -1.250497391112706
0                         0                        180.35692141126478       0.994699441422037        -0.021390462466030158    0.03119336820582852      -1.2301047286441964
0                         0                        182.05568575645106       0.9963665918194387       0.004623421113791437     0.014340234774039118     -0.8313394403789012
0                         0                        182.13062842245412       0.9964283985207318       0.0047341490017061005    0.015233775025421892     -0.8181001803182717
0                         0                        181.78705368901743       0.9961368932660587       0.00422651687955522      0.011137338775597527     -0.8787955824008655
0                         0                        180.60945484707963       0.9949795349770715       0.002486613035642904     -0.002903154061442592    -1.0868284446790604
0                         0                        181.12059468322144       0.9955119790411111       0.003241822818580431     0.003191158324511889     -0.9965312404441278
0                         0                        180.43344521634805       0.9947855063173339       0.0022265585739376093    -0.005001714175008942    -1.1179220446090348
0                         0                        182.21274857821277       0.9964949853671877       0.004855481640646531     0.016212892376387344     -0.8035929555785906
0                         0                        181.2848349947388        0.9956732669713676       0.003484488095693905     0.005149393026499638     -0.9675167909647975
0                         0                        181.604906944118         0.9959738929729506       0.003957394823459026     0.008965605944410981     -0.9109733558042912
0                         0                        183.14066216168675       0.9971645966094984       -0.02709645130823901     0.03100510259019984      -0.6395229451218256
0                         0                        185.80442271235523       0.9984608166551381       -0.007292109343993047    0.011300756067870399     -0.3617934013095976
0                         0                        187.1363029876895        0.9988595598861532       -0.009811662109797226    0.02103305891930063      -0.2813518251431333
0                         0                        184.472542437021         0.9978958288962537       -0.030192516813002612    0.0024255625829194827    -0.4866128246077892
0                         0                        189.800063538358         0.999377352363333        -9.198513250225915E-4    -0.0038540284025430083   -0.14582845122939142
0                         0                        191.13194381369226       0.9995392433007018       -0.0011120238187913856   0.0036542509972719017    -0.11460666486959781
0                         0                        188.4681832630237        0.9991507912251512       -0.0012737425781494949   -0.010816244055149582    -0.19438401738068478
0                         0                        193.7957043643607        0.999748063932671        4.4479686991394374E-4    -9.921264638990124E-4    -0.05859643813390506
0                         0                        195.12758463969496       0.9998129239349117       3.1911518388483273E-4    -0.0013758650649151605   -0.045292769817990575
0                         0                        192.46382408902645       0.9996568370546004       -0.003755222413786896    8.693406772195544E-4     -0.07839316935519491
0                         0                        197.79134519036344       0.9998982232209432       -2.7289971771438104E-4   3.523854848310748E-4     -0.023903211708819243
0                         0                        199.1232254656977        0.999924652723724        -1.5414274821523577E-4   3.193137339962959E-4     -0.01826080995235202
0                         0                        196.4594649150292        0.9998609802913397       -0.0016584132868118218   -5.781180776409656E-4    -0.032022129770914814
0                         0                        201.85177022734          0.9999593249214913       -4.6801059635015463E-4   0.0014587482230439264    -0.009421085218548342
0                         0                        203.21604260816122       0.9999699362615904       -1.1577721420508169E-4   5.381724287190082E-4     -0.0069900544937608975
0                         0                        200.48749784651883       0.9999442304088688       -0.001046624974748056    0.0013560557640062143    -0.01270721237727912
0                         0                        205.94458736980363       0.999983058877189        -9.721215047875376E-5    9.081915330000356E-5     -0.0034358356476786867
0                         0                        207.30885975062475       0.9999868093468084       -2.972555626499229E-4    -6.688074370231334E-5    -0.0021551518632563216
0                         0                        204.58031498898242       0.99997743451545         -2.589337281335702E-4    3.958600591791317E-5     -0.00480938256276886
0                         0                        208.4483250909513        0.9999890252475432       -7.142377813451617E-5    -6.264630035435204E-5    -0.0016971171550821396
0                         0                        208.4690621013269        0.9999890603472499       -7.281221524735315E-5    -6.2448794469816E-5      -0.0016881062461351348
0                         0                        209.58779043127794       0.9999906769591612       -1.4771615346376166E-4   -5.179366263519114E-5    -0.0012019822021329674
0                         0                        209.62926445202908       0.9999907264364775       -1.5049302737679682E-4   -5.13986505268349E-5     -0.0011839603840826385
0                         0                        208.65262466655128       0.999989362899526        -8.510256206051281E-5    -6.070048485184998E-5    -0.0016083423086428184
0                         0                        208.68155876155353       0.9999894092535637       -8.703983084501488E-5    -6.0424907196932054E-5   -0.0015957694980812676
0                         0                        209.99638958247792       0.9999911318147421       -1.7507372069758276E-4   -4.7902031624857955E-5   -0.0010244325090411621
0                         0                        210.05425777248243       0.9999911903692313       -1.789482587355451E-4    -4.735087627238954E-5    -9.992868879180605E-4
0                         0                        209.47218889031834       0.9999905351046806       -1.3997610551541584E-4   -5.289468916203077E-5    -0.001252214852115685
0                         0                        210.667533091414         0.9999917214919043       -2.2000982403369562E-4   -4.150984305795191E-5    -7.327987067355934E-4
0                         0                        210.72725577160452       0.999991764481662        -2.2400852816417682E-4   -4.09410248067843E-5     -7.068472493756417E-4
0                         0                        210.76963306461403       0.9999918010701037       -8.245132181627923E-5    2.8119379464897065E-6    -8.55622215681251E-4
0                         0                        210.81244319784955       0.999991838447075        -8.409408411580443E-5    -4.3367232365199015E-6   -8.688329659634064E-4
0                         0                        211.25761800577814       0.9999922079490602       -1.1876268482069463E-4   -7.52658736473677E-5     -6.308307859228535E-4
0                         0                        212.8183489200035        0.9999930485196118       -1.0656252339913408E-4   -5.004697669619418E-6    -4.4201590338843744E-4
0                         0                        212.84976742364313       0.9999930623327433       -1.0615150654302852E-4   -5.514240370985135E-6    -4.372832621015732E-4
0                         0                        213.87015447174224       0.9999934301125226       -9.280279808798753E-5    -2.2062784660548118E-5   -2.8358002129280635E-4
0                         0                        213.98382291974957       0.9999934613734999       -9.131578695176223E-5    -2.3906249122518375E-5   -2.6645788268275794E-4
0                         0                        213.634859989922         0.9999933592179433       -9.588092165557782E-5    -1.8246800074450675E-5   -3.190229688243562E-4
0                         0                        214.5721428885838        0.9999935920675395       -8.361938229128896E-5    -3.3447569038003166E-5   -1.7783789675718253E-4
0                         0                        214.82015165769724       0.9999936315403255       -8.037493029178222E-5    -3.7469752825813885E-5   -1.4047976702613596E-4
0                         0                        212.7859062705124        0.9999930341001725       -1.0999245030518523E-4   -3.0959260833185454E-5   -4.4057288266685646E-4
0                         0                        214.87156799588348       0.9999936385641717       -7.541106975850198E-5    -2.0889591986872347E-5   -1.7076430611950855E-4
0                         0                        212.21633152314968       0.9999927618869794       -1.2004539467891373E-4   -4.6459722984615315E-5   -5.152742442979807E-4
0                         0                        212.407382884968         0.9999928579372448       -1.1667335506260201E-4   -4.126043288499304E-5    -4.90217310208152E-4
0                         0                        212.0061504180147        0.9999926506891581       -1.237550729840109E-4    -5.217961194370346E-5    -5.428400991540627E-4
0                         0                        211.7925225289438        0.9999925303407098       -1.3148033997367747E-4   -5.316001841038087E-5    -5.745867605639887E-4
0                         0                        214.92237201582398       0.9999936471716381       -7.526076252872826E-5    -2.0969199368892077E-5   -1.6808549564473196E-4
0                         0                        215                      0.9999936600609031       -7.503109472395408E-5    -2.109083919776822E-5    -1.6399230225516703E-4
