% Model:              AluminaWithRodsOriginalRydberg.mph
% Version:            COMSOL 5.5.0.292
% Date:               Mar 10 2026, 10:26
% Dimension:          3
% Nodes:              570
% Expressions:        4
% Description:        Electric potential, Electric field, x component, Electric field, y component, Electric field, z component
% Length unit:        mm
% x                       y                        z                        V (V) @ Length=0.18      es.Ex (V/m) @ Length=0.18 es.Ey (V/m) @ Length=0.18 es.Ez (V/m) @ Length=0.18
0                         0                        1.1159286764430745       -0.45538749036406045     -1.9938742258503055      1.227933396911368        9.974660435641164
0                         0                        2.226871514435226        -0.4652950502626806      -2.360095401964898       1.5571741054573103       7.8616486160940084
0                         0                        0.004985838450923702     -0.44313249511792185     -1.6276530497358408      0.898692688365383        12.087672255188254
0                         0                        0                        -0.4430722042963118      -1.62600947316389        0.8972150777017518       12.097155313377081
0                         0                        4.448757190419526        -0.4797822501928265      -3.6245593272480185      4.680224582171309        5.609760525680009
0                         0                        5.559700028411679        -0.48550863512857323     -3.5435964893938774      5.959138764091094        4.699293621689236
0                         0                        3.337814352427376        -0.4730443885708624      -3.705522165102167       3.4013104002516172       6.520227429670882
0                         0                        7.781585704395979        -0.493705620134948       0.3745657061387391       4.556236884632032        3.20821183921484
0                         0                        8.89252854238813         -0.4970025838316603      -0.12545844923215554     5.079944374749076        1.573756765037757
0                         0                        6.670642866403828        -0.48987430390058584     -0.3501160312462499      4.069748326623817        3.6892019670381444
0                         0                        12.114304325300854       -0.5059224559762624      2.451424865965194        3.6424048261618225       2.284848868479175
0                         0                        12.275301246954264       -0.5062864175500645      2.396107572586587        3.5725267110468693       2.2364993668043383
0                         0                        12.602029745499275       -0.5070011161858138      2.2838461950173325       3.43071548013517         2.1383784839614055
0                         0                        10.503416433844489       -0.5018521702520915      3.004913449329763        4.341584713332779        2.768619775438875
0                         0                        10.675431548900793       -0.5023239716875842      2.9458103901691572       4.266924329221325        2.716961364780417
0                         0                        10.747279143943704       -0.5025184037075348      2.9211241138558535       4.235740040319442        2.695384583179969
0                         0                        11.498283068006318       -0.5044579587471358      2.6630849913102423       3.909778909395385        2.4698481871334366
0                         0                        10.195405805197222       -0.5009851604954637      3.110743512002216        4.475271754949617        2.8611194347660494
0                         0                        12.801160330815406       -0.5074209785866768      2.2154264706182403       3.344286063841139        2.078576939500887
0                         0                        13.325064348972434       -0.5078512948040362      2.159598237744042        3.4502989796628256       0.35891616553109884
0                         0                        13.382061806253013       -0.5078688844865591      1.864239885670436        2.9757989134196023       2.234183474000872
0                         0                        13.144877410435662       -0.5077579639857177      1.9997572796745544       3.341689549246226        0.6770170611085291
0                         0                        13.724418028916485       -0.5085984716502562      2.183853134735788        3.0725221466570183       2.0279687253731282
0                         0                        14.145440958795813       -0.5093989075234195      2.576907204274338        3.191470471090005        1.7743698949615272
0                         0                        14.275456610457477       -0.5096245123853697      2.6982858213582563       3.2282027790420607       1.696056304758585
0                         0                        13.999978197202806       -0.5091344302004371      2.441107640039562        3.150374011655293        1.8619878929146463
0                         0                        14.408897603878932       -0.5098454730429165      2.247245544821478        3.527411746216284        1.2913581640481073
0                         0                        14.421531948870113       -0.5098617542946814      2.2575856273314443       3.519954926335849        1.2859423254026119
0                         0                        14.440250818107629       -0.5098857505805245      2.2729053492913636       3.5089070060545495       1.2779182944388783
0                         0                        14.982390586085346       -0.5105155659893043      2.7165983097690756       3.188934850579244        1.0455246476983238
0                         0                        15.318386320984061       -0.5108426614248432      2.991580797921806        2.990629384210308        0.901496707424382
0                         0                        14.809200467892754       -0.5103280626624783      2.5748576723814214       3.2911520622622312       1.1197643281710592
0                         0                        14.412750461968301       -0.5098504452810401      2.250398764918904        3.5251377803860926       1.2897065978015707
0                         0                        16.9519932885247         -0.5127228920837905      3.584707334883637        2.164929217727524        0.872472399316254
0                         0                        17.128849641560656       -0.512871862085533       3.654320833352621        2.0577784195180424       0.8121716542943673
0                         0                        15.86990527520044        -0.5115791833124318      3.158780129183725        2.8205267824767333       1.2414199223352824
0                         0                        16.223617981272362       -0.5119969601728327      3.298007126121732        2.6062251860574506       1.1208184322915002
0                         0                        16.899969877437282       -0.5126770417019165      3.5642300854891715       2.1964483004628663       0.890210243579669
0                         0                        15.765858453025611       -0.5114481719482004      3.1178256303950747       2.883564947947221        1.27689561086234
0                         0                        16.607949013085857       -0.5124025439005968      3.449285987386606        2.373373065516546        0.9897773520271826
0                         0                        15.712299754411813       -0.5113792940549055      3.096744067194493        2.9160142052627833       1.2951569250496107
0                         0                        18.03408130184896        -0.5134673671629449      3.1053211358340604       3.7602036715331906       0.2932637520147807
0                         0                        16.603737024339956       -0.512398371945079       3.447628081028739        2.3759249555019473       0.9912134670157542
0                         0                        19.55767342842577        -0.513536160725364       2.964987906148771        3.239259697302259        -0.20767463356489202
0                         0                        21.081265555002584       -0.512834544289766       3.3462824495258516       2.2248143422093065       -0.7133283348274091
0                         0                        22.60485768157939        -0.5113625178561496      3.866738067575284        1.6471187219392505       -0.47452954630217903
0                         0                        24.128449808156198       -0.5105891551185571      2.743270635451724        2.127949353115085        -0.6295113605504241
0                         0                        25.652041934733006       -0.5094442807510995      1.7138268988085485       2.031396017741571        -0.8733506554536916
0                         0                        27.175634061309818       -0.5079278947537772      0.9163018514328769       1.7994348454676867       -0.7783014267046582
0                         0                        28.679814428220418       -0.5060520405823344      1.4817281496217305       0.13056076684775064      -1.2027251919502078
0                         0                        29.022237989317514       -0.5056436577700082      1.2699532262106814       0.012502122278199579     -1.1825242985814697
0                         0                        29.345738760993616       -0.505264197182589       1.0698812716827177       -0.09903244181219151     -1.1634397339200309
0                         0                        30.18399479513102        -0.5043096635127367      0.5514543069625368       -0.38804109202132153     -1.1139877607346804
0                         0                        30.703078109092328       -0.5037393589300999      0.23042257449100667      -0.5670073765508423      -1.0833650236739292
0                         0                        30.071984520313404       -0.5044348116654471      0.6207280663229469       -0.34942289302689034     -1.1205956810849873
0                         0                        29.741928527509625       -0.5048078842922489      0.8248541561674045       -0.23562826097057155     -1.1400669636539202
0                         0                        29.52726342649816        -0.505053976133694       0.9576157137542509       -0.16161737579494684     -1.1527308901712452
0                         0                        28.351448743903987       -0.5064501547415863      1.6848088530175431       0.24377262496091134      -1.2220967566685133
0                         0                        31.444498236976987       -0.5031734237514577      -0.03268556556676572     -0.7927087132706134      -0.011524914298391309
0                         0                        31.5154564958961         -0.5031777114441183      0.07481288749403348      -1.502887141723022       -0.7340341019236831
0                         0                        30.95189221191692        -0.5034251548409806      -0.001702680852957883    -0.6449491380981982      -1.0105132935867402
0                         0                        31.06701338291391        -0.5033222615678711      -0.008943327105100707    -0.6794802937368587      -0.7770514474348857
0                         0                        30.935528599806172       -0.5034419620005778      -6.73477226172281E-4     -0.6400407929892395      -1.0436981462078307
0                         0                        31.546152139193033       -0.5031553819033885      0.07339146549023212      -1.5196083694018228      -0.7208655731602214
0                         0                        31.668580508741066       -0.503070342607845       0.06772217956967097      -1.5863003302689833      -0.6683434125958474
0                         0                        31.676234414499834       -0.5030652397363411      0.06736775044265642      -1.5904697395750418      -0.6650598626415984
0                         0                        31.701954635737856       -0.5030482761487292      0.06617672512149397      -1.6044806423965383      -0.6540258057919335
0                         0                        32.19640946058262        -0.5026973949757115      -0.16380836291759238     -1.5327630936632168      -0.4470317178463006
0                         0                        32.471482520333325       -0.502614613723266       -0.35294883169933655     -1.6771159094574912      -0.1548538504494985
0                         0                        32.53343857118783        -0.5026070582122767      -0.39554986472337816     -1.7096292003062672      -0.08904520009522798
0                         0                        32.63620127433405        -0.5025729325848604      -0.14667397798174164     -1.7070884159993405      -0.316579246838927
0                         0                        32.932953597957464       -0.5024922718198819      -0.1648455169019023      -1.7869528466000233      -0.2270442300957356
0                         0                        33.26320408325416        -0.5024337437552928      -0.18506830563584575     -1.8758325784983452      -0.12740227154459305
0                         0                        33.402242975952916       -0.502418946246297       -0.19358231024155081     -1.9132518709951079      -0.08545196957649637
0                         0                        33.64251907952191        -0.5024071236144869      -0.2082955448820698      -1.9779169558853447      -0.012956749679418067
0                         0                        33.80661119440766        -0.5024090595542579      -0.21834367598244597     -2.022078777978109       0.036552518097551
0                         0                        33.873355932235185       -0.5024121712944649      -0.22243076984705823     -2.0400416718051027      0.056690494258731405
0                         0                        35.93305720234538        -0.5024583890706527      0.14764208183524374      -1.1727107096770624      0.8645891334079181
0                         0                        36.35760269186613        -0.5028766809243465      0.9883285289828336       0.021983398246732122     -1.1204730028754604
0                         0                        35.81538499865266        -0.5024924504261147      0.218714141607677        -2.2270944181981918      0.006506484884702957
0                         0                        35.55238704741016        -0.5025031368020487      0.5541886131787237       -1.9881319994198492      -0.08777233417156793
0                         0                        35.56908074117936        -0.502501721507715       0.5328945001662078       -2.0033000470133544      -0.0817880224048082
0                         0                        35.48197433060004        -0.5025102057471691      -0.505346213069763       -2.599912147484048       0.1158645953759816
0                         0                        35.58038867144999        -0.5025008195735846      0.5184703500381147       -2.0135745390999915      -0.07773438507842911
0                         0                        35.150180172504996       -0.5024755211461073      -0.44921445826399076     -2.4828243297998895      0.09320841097910204
0                         0                        35.269840823440525       -0.5024871633922826      -0.46945822131492854     -2.5250517293453356      0.10137930159458364
0                         0                        34.01515699361959        -0.5024137117205837      -0.25719527642567974     -2.0822826572165027      0.015704652072614067
0                         0                        34.326410569073246       -0.5024219074782881      -0.30985204856458837     -2.192121848194347       0.0369582462894531
0                         0                        34.53061155744841        -0.502430878040306       -0.3443980450231324      -2.2641829364156307      0.05090187710331029
0                         0                        34.724622216011966       -0.5024420386537991      -0.37722007775187316     -2.3326479291361366      0.06414967290719353
0                         0                        35.13404949255855        -0.5024740265147511      -0.4464855272399577      -2.477131926643793       0.09210694595812186
0                         0                        36.40507410516791        -0.5028225541625111      1.807626070332077        0.5548612312085766       0.2453046576389113
0                         0                        36.60174771577309        -0.5028740515035964      -1.2105500485394565      -2.365474584697303       -0.39178218626577177
0                         0                        37.59818589904111        -0.5026792316450726      -0.32015588710110165     -2.2000800714265267      0.23808539700378617
0                         0                        37.6049161933325         -0.5026808400275405      -0.3200847751054994      -2.1978342178016703      0.23986769040465106
0                         0                        39.04485261742588        -0.5033007718209863      -0.3048704697433209      -1.717337184890539       0.621186704877001
0                         0                        39.04684924328212        -0.5033020126262706      -0.30484937348175123     -1.716670924364223       0.6217154444734909
0                         0                        39.07505757991343        -0.5033196555434444      -0.30455132542896024     -1.7072579934682324      0.6291854792223539
0                         0                        37.804701787120514       -0.5027340471181778      -0.31797384924801264     -2.131167118180201       0.2927742246476299
0                         0                        37.90929815868892        -0.5027661188394517      -0.3168686885546279      -2.0962640173551677      0.3204730762472927
0                         0                        37.586538167305854       -0.502676476454024       -0.32027895652598204     -2.2039668406236217      0.2350008847213516
0                         0                        39.62833687274601        -0.5037393751044018      -0.20813203038778738     -1.9966023070374153      0.8436210802012454
0                         0                        39.75570300443167        -0.5038493165732729      -0.2083879923042673      -1.9847571653312919      0.8827635938999947
0                         0                        40.22278540158947        -0.5042951635944073      -0.20932666653342835     -1.9413181669920583      1.0263086547982994
0                         0                        40.293929089151526       -0.5043689567221774      -0.46814581876948225     -1.7497065313932154      0.49871733981497357
0                         0                        37.407461499976904       -0.5026843971944566      -1.1960904694274295      -2.146707716246435       -0.07899121455797786
0                         0                        41.15915440051696        -0.5044792268009476      -0.374765994860792       -1.8383254785358076      -0.2830386554375579
0                         0                        41.22112887584763        -0.5044599111733044      -0.3721027430470967      -1.8464302088307747      -0.34030272955721586
0                         0                        40.70073045254944        -0.5045118886146793      -0.3944660149796526      -1.7783749514977103      0.14054254947971856
0                         0                        40.94192766089267        -0.5045189098902473      -0.3841009590569726      -1.8099175875759812      -0.08232234356434276
0                         0                        40.53475673322208        -0.5044758354795392      -0.40159846437383706     -1.7566696893876212      0.29390135267718165
0                         0                        41.24372743102857        -0.504451984883748       -0.371131607063262       -1.849385541551392       -0.36118367016984365
0                         0                        41.4445835076705         -0.5044362387436462      -0.5120056464179541      -1.7624490799390218      -0.12251430682465525
0                         0                        42.01924009357579        -0.5042932981703754      -0.32384154246741303     -1.5579149180036092      -0.37496741278608425
0                         0                        41.34136387029187        -0.5044465443504368      -0.545803624295246       -1.799187442544361       -0.07716875838481485
0                         0                        42.64873148076288        -0.503970218804949       -0.11772246940751785     -1.3338637255490637      -0.6515100641176375
0                         0                        42.778743798387275       -0.503881801587954       -0.07515156384697264     -1.287589200765379       -0.708625938541644
0                         0                        42.50546166325957        -0.5040590518286758      -0.16463437731013997     -1.384856914824889       -0.5885700207832478
0                         0                        43.73898983690363        -0.5029988079340781      0.23926897851032436      -0.9458144372682806      -1.1304728308534209
0                         0                        44.05373553049718        -0.502621236326692       0.34232851504016537      -0.8337888410409935      -1.2687441565191477
0                         0                        42.20694125620145        -0.5042151775040666      -0.26238114691609926     -1.4911075395907627      -0.45742664610851236
0                         0                        45.45873958023149        -0.5004050374489766      -0.4721890861831355      -0.5573816833127125      -2.1605834367026233
0                         0                        49.41667989822676        -0.4816327082850645      0.49233092683079027      -1.495363325798623       -6.701848084236744
0                         0                        49.66930519199684        -0.4799080658909815      0.6094985614301232       -1.518312499863569       -6.951910558417069
0                         0                        47.84241548461212        -0.49095660591312174     -0.2378130537040799      -1.3523528318252325      -5.1435541841773755
0                         0                        48.36852602182379        -0.488113535703283       0.0061970620801490295    -1.4001461549548146      -5.664327463306186
0                         0                        49.19265277128538        -0.4831092645528212      0.38842712464982476      -1.4750120875884267      -6.48009365572932
0                         0                        47.43770973922912        -0.49295716926046257     -0.42551561581744135     -1.315588252723721       -4.742954076028184
0                         0                        47.355088175386456       -0.4933456610077096      -0.4638355047638303      -1.308082683420455       -4.661170687014305
0                         0                        46.913632801027646       -0.4953069069530732      -0.6685825481927417      -1.2679796673018089      -4.224193765562944
0                         0                        49.823419242619956       -0.47882492369960605     0.6873627645493503       -1.5056398469627261      -6.955117444610352
0                         0                        49.8580832591867         -0.47858409725346523     0.6952548904074591       -1.505546536121571       -6.939778184519753
0                         0                        50.09913544716962        -0.47692410488799064     0.7501364186999568       -1.5048976562556824      -6.833109581942935
0                         0                        50.27981702299804        -0.47569671097499455     0.7912730750345474       -1.5044112859071337      -6.753155728935951
0                         0                        50.805142372430744       -0.4722101664419685      0.9108764616244298       -1.5029971811643001      -6.520692703434733
0                         0                        50.883437058424335       -0.4716435328107211      1.0690586843767171       -1.0896900739158468      -7.223286146057997
0                         0                        51.47874471982199        -0.46740639581923565     1.3781286129944874       -1.161220064758723       -7.011830470911436
0                         0                        52.890166164917076       -0.457863550752534       2.1109058869522954       -1.3308113023487351      -6.5104878980840475
0                         0                        53.03951852975716        -0.45689515560203        2.1884461702934317       -1.348756936148149       -6.457437337525427
0                         0                        52.741864699058326       -0.4588329717099748      2.0339112059846087       -1.3129919407266044      -6.563165175098691
0                         0                        52.02506026831798        -0.46362873102614216     1.6617629730496333       -1.2268633425381097      -6.817776991271874
0                         0                        52.07019236151794        -0.4633213922381274      1.6851945089228266       -1.2322862497551341      -6.801745890284566
0                         0                        53.33524235060513        -0.4550010693134119      2.341979118257683        -1.3842900286463333      -6.352395047211957
0                         0                        54.60029233969233        -0.44724919766782134     1.8731777331840647       -0.8902256470783279      -3.9693510011986177
0                         0                        56.642362253049015       -0.43613854882912395     3.699987908229513        -0.603736596839898       -4.597252954509855
0                         0                        56.80890912839953        -0.43538434981991125     3.7478149437927053       -0.5938706985590763      -4.459644782243345
0                         0                        56.581601024525405       -0.4364194087806534      3.6825391903754365       -0.6073359684808395      -4.6474564878046465
0                         0                        57.159422655561826       -0.4338719399879536      3.8484714280030126       -0.5731069898570746      -4.170035471194851
0                         0                        57.209562766934894       -0.43366389254502696     3.8628700943528047       -0.5701367916018132      -4.12860756047138
0                         0                        57.04395783733023        -0.43435894016211546     3.8153135560451084       -0.5799468909317369      -4.265437456758974
0                         0                        55.82212508851129        -0.4401873301248956      3.4644415375390416       -0.6523257788007513      -5.2749680830562795
0                         0                        55.90492755331361        -0.43975338222903276     3.488219806692989        -0.6474207291357317      -5.206553134912525
0                         0                        57.78779008893432        -0.431414744700389       4.0289188336925275       -0.5358837806702521      -3.6508513445862434
0                         0                        56.45166487789601        -0.43703025626385367     3.645225607081109        -0.6150331216272917      -4.754815305623396
0                         0                        57.943685658463394       -0.43085563341834787     4.07368714851276         -0.5266488440906869      -3.522043738065719
0                         0                        58.26579058614919        -0.42976402777948125     4.166185574551152        -0.507568003062655       -3.2559068304615977
0                         0                        58.66057557890623        -0.4282683048789179      4.3621408510729225       -0.6524787132899164      -3.530721180378876
0                         0                        59.04334811856835        -0.4270125852486259      4.620718756978107        -0.9893444140098246      -3.030458111116914
0                         0                        58.621499206684575       -0.42840727048303734     4.3357432246696845       -0.6180888651528562      -3.581791891774305
0                         0                        58.37881211940273        -0.42931501274065764     4.171798551744814        -0.4045078287884536      -3.8989708285418843
0                         0                        58.31935317284774        -0.4295491517053471      4.131631694683705        -0.3521799378874917      -3.976680465510576
0                         0                        59.132484730541464       -0.4267476525424689      4.4428074761084755       -0.44702644424445026     -3.6101422446121063
0                         0                        59.60251096612506        -0.4252994160643403      4.596104076322337        -1.1416035697920037      -2.5522221873658424
0                         0                        59.74102182167724        -0.4249674963679518      4.641278667954349        -1.3462867653739252      -2.2404663721759874
0                         0                        59.453979495218995       -0.42570332915024706     4.547661313363818        -0.9221124982198958      -2.886532083937169
0                         0                        59.38205500542384        -0.4259167632581645      4.524203516919711        -0.8158267175625333      -3.0484174311817824
0                         0                        60.124374532927284       -0.4238807267493218      4.806252303803774        -0.9009158846395895      -2.8235901998718362
0                         0                        60.202711532856725       -0.4236597163365912      4.783267713227993        -0.9023677696495698      -2.818964734056436
0                         0                        61.933109816040236       -0.41887018428099554     4.275557485521901        -0.9344386854483133      -2.7167920938851378
0                         0                        61.97227831600497        -0.41876381690310155     4.264065190233907        -0.935164627953256       -2.7144793609774585
0                         0                        61.02546431103025        -0.42136038995287506     4.541866641340775        -0.917616533664404       -2.7703846907385614
0                         0                        61.07462958083589        -0.4212242546054673      4.527441228087149        -0.9185277546494959      -2.7674816911981477
0                         0                        59.88550540211679        -0.4245568798155615      4.876338076526967        -0.8964887236469012      -2.8376944035036704
0                         0                        61.635400366205566       -0.4196816155994296      4.362907394519539        -0.9289209877072508      -2.734370567459216
0                         0                        60.83526837398895        -0.4218883738399197      4.59767137915312         -0.9140914736008341      -2.781614949821776
0                         0                        62.408237339994535       -0.417586026254529       4.1361519476634925       -0.9432446204531075      -2.6887378395483026
0                         0                        63.741845099153174       -0.4140528113151372      3.972087036974372        0.6742056895353699       -3.5447117546295885
0                         0                        65.26543722572998        -0.4108180391726421      3.0150606089616616       -0.07314376540136079     -1.6251414464574878
0                         0                        66.7890293523068         -0.4091007058903446      2.5349456666830434       0.055361188683430956     -0.6291801037016749
0                         0                        68.3126214788836         -0.4089008114682448      3.203607071951012        11.671197868280657       -11.736941277072532
0                         0                        73.86024044028991        -0.40967988935201644     5.491348868685563        -0.6985515167086191      -0.4582797585172358
0                         0                        73.96554256962253        -0.409830993621008       3.788645003996166        -0.9370309613492935      1.493002253264038
0                         0                        73.5915015415967         -0.4098445597626638      5.124880829985273        -0.4739674145093602      -0.7672250824113025
0                         0                        73.57586266797486        -0.4098566988815184      4.993802680516893        -0.9781139697137746      -0.1573223608575347
0                         0                        70.27288322531325        -0.40967377879185973     2.062935435558124        -1.3641382280743386      0.2680830197317796
0                         0                        70.31157710162184        -0.409684055546515       2.097270076939555        -1.3596160155796575      0.2630994636838686
0                         0                        72.23314497174292        -0.4099518372451395      3.80235496386333         -1.1350394401484323      0.015612210036792362
0                         0                        72.31053272436006        -0.4099526597727851      3.871024246625751        -1.1259950151591198      0.005645097940998767
0                         0                        70.24327198243861        -0.40966578405531495     2.0366601821603396       -1.3675989393104402      0.2718967831122079
0                         0                        70.06703520858069        -0.40961586570442576     1.8802781650075984       -1.3881960005713703      0.29459509933192685
0                         0                        72.18228770500568        -0.40995087668987673     3.757227254219501        -1.140983206682634       0.022162343117457795
0                         0                        71.82144893827777        -0.4099344948421834      3.437040422762145        -1.1831549851425933      0.06863636923718275
0                         0                        74.42949083102053        -0.40916593857176664     3.247199984382803        0.08001087453163791      -0.11283073246271158
0                         0                        74.71364685656036        -0.40914213500101154     3.0370165843200994       -0.5338293262430369      -0.4284494765875593
0                         0                        74.41245935947546        -0.4091913116963787      4.178539630134168        -1.2892660993487084      -1.4876328315145315
0                         0                        77.17922114063444        -0.40801319737163333     3.2236545673152954       -1.4806268933960096      -0.5372933359371626
0                         0                        77.68202046991696        -0.40773318162297817     3.2207406749135563       -1.6957983490408317      -0.5765337212890778
0                         0                        76.9637045343501         -0.4081271805411842      3.2249035590401034       -1.3883972121114532      -0.5204735945655834
0                         0                        77.04942955161948        -0.4080822761698887      3.2244067535315946       -1.4250829745553317      -0.5271639032355893
0                         0                        77.08528189073685        -0.4080633259524716      3.224198977083833        -1.4404258748872851      -0.5299619570928655
0                         0                        76.53832915047143        -0.4083415164064123      3.227368753456293        -1.2063591002562593      -0.4872756704426422
0                         0                        76.83076031612157        -0.40819568481655216     3.2256740158104513       -1.331504135112679       -0.5100981186057609
0                         0                        78.49050218942078        -0.4072415582591363      3.2064000734821434       -2.0343501590402155      -0.684354381636112
0                         0                        76.89318866629603        -0.408163688152514       3.225312222377931        -1.3582201591768124      -0.5149702661506552
0                         0                        75.34688291903561        -0.4088685569968776      3.226674582993212        -0.7088511202684487      -0.43561377042536265
0                         0                        75.5389264471768         -0.4087846915613309      3.2841927714915613       -0.761930540121611       -0.4377865087559627
0                         0                        76.27301579770858        -0.40846026872183355     3.504056934825634        -0.9648274417965794      -0.44609183456111623
0                         0                        78.84994123098181        -0.4069678665010356      3.1376432304508626       -2.1083599144820226      -0.8385283687293992
0                         0                        79.36279642327888        -0.4064814142663495      3.0395395191750296       -2.2139585917823794      -1.058507059565386
0                         0                        79.91146975716764        -0.40583607668903127     2.934584180629141        -2.3269323496751824      -1.2938492058443067
0                         0                        80.15169169489286        -0.40551288970027094     2.888632294064241        -2.376394886592662       -1.3968874672572227
0                         0                        80.84680114185684        -0.4044382755745057      2.755665293799364        -2.5195203521838074      -1.6950403736283022
0                         0                        79.40935881705092        -0.40643166267219755     3.030632631415024        -2.2235459514661713      -1.0784790410876894
0                         0                        79.6686516656388         -0.40613760170984253     2.98103268364072         -2.276935255612038       -1.1896973776322
0                         0                        82.02495061807487        -0.40214357985312515     2.7061319101883754       -1.822238003458736       -2.444900419794699
0                         0                        79.86990985743           -0.40588947850341794     2.9425341448018756       -2.3183750210043783      -1.2760229412907123
0                         0                        83.0027542777406         -0.39996083749196026     1.2919973644186857       -1.5347828990835133      -2.2657131112079902
0                         0                        83.11323315045918        -0.39971010686566083     1.271292153278731        -1.4834317059734237      -2.2732656116852716
0                         0                        82.92130962302545        -0.4001451409851784      1.3072611766805267       -1.5726388265487081      -2.2601454331671835
0                         0                        83.8924578022027         -0.39791796801801627     1.1252550826368406       -1.1212437637614983      -2.32653457080292
0                         0                        84.2015156828435         -0.39719566933979117     1.0673335224724951       -0.9775919458124065      -2.347662228368648
0                         0                        83.817668627976          -0.39809177643009075     1.1392715692757776       -1.1560061869629692      -2.321421871332376
0                         0                        83.44350796922717        -0.3989555759922596      1.2093942565273963       -1.3299181374455955      -2.295843690778554
0                         0                        84.45991937083491        -0.3965867424291528      1.0189052321802876       -0.8574844776975397      -2.365327089792814
0                         0                        84.71402763292657        -0.39598348618786233     0.9712819618709716       -0.7393735473771699      -2.3826983094976413
0                         0                        85.03611281535353        -0.39529424180416345     0.6187570066224595       -0.5358532466237591      -1.878542628598975
0                         0                        85.16353954982614        -0.3950680435364039      0.6814333914388158       -0.7144154156557363      -2.450105566222156
0                         0                        85.3307303099277         -0.3946649171693244      0.6921060982904805       -0.5442712842391302      -2.3722466598756355
0                         0                        85.37358746416376        -0.39456367710218115     0.694841906437901        -0.5006570720777859      -2.35228855240657
0                         0                        85.69667928648894        -0.393827978157285       0.7338337464430538       -0.16618063816770956     -2.1858092521612917
0                         0                        85.86250312036802        -0.393460490126197       0.6200421639723572       -0.10021579355115406     -2.2464610975396084
0                         0                        86.06514416849299        -0.3929977552064089      0.48098588357969163      -0.019605033687501106    -2.3205792338212703
0                         0                        86.56171032483121        -0.39180033983158713     0.14023240195209397      0.1779293531280537       -2.5022036302052975
0                         0                        86.82598832425076        -0.3911262895743908      -0.04112036901371052     0.2830593381215869       -2.5988661423590367
0                         0                        87.2145944112998         -0.39008873675077876     -0.3077895236740602      0.43764712896924163      -2.7410029857394065
0                         0                        87.24277435716444        -0.39001135020802097     -0.32712715782994906     0.448857132421562        -2.751310103114349
0                         0                        87.04921937644922        -0.390537028637958       -0.1943059159405589      0.37186081694042006      -2.680515293418214
0                         0                        86.21988531917859        -0.3926342870674926      0.374799456707656        0.04195111130080598      -2.3771774689814933
0                         0                        86.42215661731534        -0.39214596998670714     0.2359969060430771       0.12241478434375352      -2.4511603652400673
0                         0                        87.32393747161211        -0.38978684059579366     -0.39153530799499947     0.5066573363057056       -2.7678687376012263
0                         0                        87.59631966783616        -0.3890542870350535      -0.6703089804600708      0.8521337346629814       -2.610996481162193
0                         0                        88.43024471555366        -0.3876294644085246      -0.5737838662524908      1.4048290866484052       -1.439288244712574
0                         0                        88.67076563800383        -0.38730196612421824     -0.569489561895395       1.5125720463097991       -1.283953300929813
0                         0                        89.06048812145087        -0.3868506259365709      -0.5625313856931058      1.6871508454649273       -1.0322599370410401
0                         0                        89.19673463982834        -0.38671597839559324     -0.5600988155385878      1.74818338676738         -0.9442682352915437
0                         0                        89.91863450776975        -0.38620259427628684     -0.547209883811874       2.0715632722204305       -0.47804569522669027
0                         0                        88.13776378080861        -0.3880780524532045      -0.5790058741329531      1.2738102911403928       -1.6281803755647735
0                         0                        88.10405282222472        -0.38813330694268033     -0.5796077557275225      1.258709241244972        -1.6499518281400611
0                         0                        88.78638090440268        -0.38715783787152086     -0.5674253458712926      1.5643626799764263       -1.2092858220113696
0                         0                        89.97644214096918        -0.38617603867364314     -0.546177775799876       2.097458589053872        -0.4407119557674566
0                         0                        91.16650337753568        -0.3861088894414203      -0.3981562430272447      0.17149361299213695      -2.567097737738777
0                         0                        92.72298942517185        -0.38595179406617147     1.2264791300374327       0.9517853827609102       0.17047128092578134
0                         0                        92.80798394018574        -0.38596754283359985     1.2691980030176637       0.9071657606729744       0.20011186613546172
0                         0                        94.27947547280799        -0.38663956178198744     2.0087805497633475       0.13467595847351532      0.7132728642409303
0                         0                        94.44946450283574        -0.3867658489186541      2.094218295723522        0.04543671429772367      0.7725540346603035
0                         0                        92.61115302016225        -0.38593491005348995     1.1702693242708762       1.0104962081168622       0.13146998193974468
0                         0                        92.32661186322969        -0.3859116188764161      1.027256830598617        1.159871951818701        0.032240444523761624
0                         0                        94.18535750790339        -0.3865739745734575      1.9614761632715147       0.18408512358305984      0.6804506102630157
0                         0                        93.4867203489237         -0.38618369426796917     1.610335950885414        0.5508490965891042       0.43681119143693614
0                         0                        94.64682883461766        -0.38692511561608        2.193415071172204        -0.05817375864038832     0.8413819383500679
0                         0                        94.74998558054443        -0.3873196037957629      -1.830855272182471       0.5602798330527996       3.8836829242866946
0                         0                        94.83360563560188        -0.3870688955061261      3.003701446023914        0.12131275937191965      2.1304042405776196
0                         0                        94.92440168164002        -0.3872591242221134      3.063454584611538        0.06618721698431074      2.0598380505280858
0                         0                        94.96476260007206        -0.3873416281512597      3.090016220914322        0.04168265299827567      2.0284697656198425
0                         0                        95.01761154623689        -0.38744774528422543     3.2672451155173547       0.033846740293189015     2.050885324836754
0                         0                        96.81481284419223        -0.390168945463212       4.740008999500258        -1.5969108059913086      0.9773788791591644
0                         0                        96.82186704468546        -0.39017582522791083     4.745789749674805        -1.603311697588869       0.9731652556172254
0                         0                        96.87174436157441        -0.39022362110780984     4.78666302916088         -1.6485697390768372      0.9433724765700477
0                         0                        95.99199377155323        -0.3891625369261455      4.065728263884514        -0.8502952691232792      1.4688661594707029
0                         0                        96.48964320613307        -0.3898195525603402      4.473540185101914        -1.3018560218161266      1.1716095993307385
0                         0                        96.52264841223406        -0.3898578964326108      4.5005871695350415       -1.3318045250678647      1.151894889837353
0                         0                        95.236753501572          -0.3878828376676412      3.446826755954831        -0.1649998762638134      1.9199871879178403
0                         0                        95.83919038856254        -0.38893111581908013     3.940509511775204        -0.711643427399494       1.5601388603910185
0                         0                        97.03960915168852        -0.3903735642965849      5.070106090622538        -2.143183223288119       1.3963276475918178
0                         0                        97.17777571817987        -0.3905611503282187      5.0818276756742335       -2.2150730428332963      1.319033042010684
0                         0                        97.87715266772717        -0.3913468350146627      5.141160454981488        -2.5789677532094117      0.9277801735308504
0                         0                        98.15076977032267        -0.3915797502826522      5.1643732062360375       -2.7213342071902247      0.7747103928855132
0                         0                        98.81857972002996        -0.39197236492213106     5.221027947846951        -3.068804206583664       0.401117070155145
0                         0                        99.26193038895684        -0.39209521965542665     5.258640321849526        -3.299485191092394       0.1530931381792051
0                         0                        98.34680339155699        -0.3917208703365279      5.181004036853265        -2.823332990348989       0.6650431859864456
0                         0                        98.50054720265054        -0.39181650493530346     5.194047142748311        -2.903327848123651       0.5790341930673587
0                         0                        100.1920539762005        -0.3919956251270408      5.337548866899816        -3.7834403080190953      -0.36724646092444857
0                         0                        100.24701721803758       -0.3919373642127053      7.231588127704839        -2.350298648636951       -1.0731745055325845
0                         0                        100.26185827942959       -0.39191843814958904     7.369824220350374        -2.3439127905409123      -1.2166121690050886
0                         0                        100.39791213787169       -0.3919668069167299      6.891821597948407        -1.337003180611724       0.30965037651065774
0                         0                        100.40598134018443       -0.3919761541825745      6.25062592297671         -2.4707937378006477      0.41857668387002533
0                         0                        100.4274051377593        -0.39198495807871864     4.996592369144793        -3.7254090276037886      0.016408815720126313
0                         0                        101.17473489223285       -0.39183174503603024     4.476203914668446        -3.3221476348543457      -0.42643676327875824
0                         0                        101.32008478745088       -0.39176350299938634     4.6850154463095635       -3.225161583013616       -0.48743598623146056
0                         0                        100.42435049915662       -0.3919837228065924      6.244960074470065        -2.469629825112989       0.4054810783209515
0                         0                        103.35584644903955       -0.3898116491434863      5.16017270631319         -1.9675347245295214      -1.4301301932759873
0                         0                        104.27311087802785       -0.3883050352803603      5.374266949760511        -1.4008788119079032      -1.854885153471261
0                         0                        101.78612343421942       -0.39148605175472323     4.793791267483812        -2.9372581754946907      -0.7032431412914093
0                         0                        101.93045989910891       -0.3913797245840232      4.827480142006507        -2.8480918362671996      -0.7700806065427948
0                         0                        102.35068578006523       -0.39101523032333785     4.9255630276140465       -2.588490054539731       -0.9646733779375545
0                         0                        103.33917696425705       -0.38983542434035645     5.156281962684176        -1.9778325860990504      -1.4224111036421458
0                         0                        103.12752126607187       -0.39012611348493365     5.106880432283376        -2.108586542130011       -1.3244003176391157
0                         0                        101.73385387766908       -0.39152217738756706     4.7815912836937          -2.9695485950654277      -0.679038830396614
0                         0                        104.52118865447466       -0.3878306303237991      5.401375327211198        -1.2555738408919979      -2.0768961304576123
0                         0                        104.7711504849576        -0.3873048067072015      5.277500246048245        -0.9323648841398438      -2.1303351542692894
0                         0                        104.80737522641773       -0.3872274955968156      5.259548134000546        -0.8855250891465971      -2.1380795959616705
0                         0                        104.72072898067533       -0.3874119496497501      5.302487932861368        -0.997561565430999       -2.119555604596627
0                         0                        104.82428252719679       -0.38721030575761883     4.361223535847799        -0.8589234092841025      -1.0322455604552658
0                         0                        105.08332483948784       -0.38688125591322003     4.354552852963145        -0.7095874770048738      -1.5082648410194963
0                         0                        105.19507222412356       -0.386701237691754       4.351675209695131        -0.6451659556065863      -1.7136131841868405
0                         0                        105.46337394632005       -0.3861753313226783      4.344766084732729        -0.490492043603723       -2.2066476681850133
0                         0                        106.90886578095642       -0.38229219739018405     3.9977601099806606       0.4848052988177969       -2.733737237583785
0                         0                        107.8170894991426        -0.3797823254353994      3.7716289908722587       0.9012827222465489       -2.7932533144729543
0                         0                        107.84983660328271       -0.37969081934182086     3.763475559995676        0.9162993192411548       -2.795399238576101
0                         0                        105.90456705281267       -0.38500463882176617     4.247812151968525        0.024271469679913338     -2.6679253466068866
0                         0                        106.25006431010812       -0.3840789668160918      4.161789644653723        0.1827035879331902       -2.6905658490717297
0                         0                        106.66412632903248       -0.38295928819930086     4.058695763878845        0.372576941081995        -2.7176994137009167
0                         0                        106.79211892969917       -0.38261090602222037     4.0268279438177785       0.4312695599557941       -2.7260867937153535
0                         0                        108.12086391307824       -0.37893078301986804     3.695994709577697        1.0405823052526273       -2.813159710897871
0                         0                        109.44960889645738       -0.37513496231562066     0.805419461815589        4.243589617704288        -3.5499575532928915
0                         0                        110.97320102303414       -0.3718175807475117      -0.7306097136807015      3.0810506009777243       -1.8146924425097772
0                         0                        112.49679314961098       -0.3696052600804881      -2.0423046809379173      1.933618328720966        -1.0893927498887024
0                         0                        114.02038527618775       -0.36849800031455077     -4.556529981290737       3.5181154813067224       3.8406551985839883
0                         0                        115.54397740276463       -0.3687158562943841      -0.7023108295294236      0.3831720493579951       0.7195712733723031
0                         0                        117.06756952934138       -0.3706906665677927      -1.1946174358637762      -0.9324433563296566      1.8727370471565055
0                         0                        118.59116165591819       -0.3744224311347763      -1.2566159853492422      -1.555546870852865       1.489052121174172
0                         0                        122.7917723387867        -0.3845311905870297      -2.8444294982328984      -0.3401394777791431      2.0414447662204536
0                         0                        122.90359764905018       -0.3847583890467995      -2.900755497897748       -0.299241523469405       2.022008475882825
0                         0                        123.80266469055749       -0.3865060632828063      -3.353612277451525       0.029574937654713196     1.8657421707806252
0                         0                        120.69146699735244       -0.3798601720505985      -1.786513381758354       -1.108285720235898       2.406497582239668
0                         0                        121.22970493708127       -0.3811302640523723      -2.057621862846304       -0.9114355562174197      2.3129467676461024
0                         0                        122.77066788469239       -0.3844880683024964      -2.83379926191661        -0.347858025550174       2.045112918772185
0                         0                        120.68091477030531       -0.3798347684649279      -1.7811982636003307      -1.1121449941214152      2.408331658515557
0                         0                        122.06549701234437       -0.38300269949194127     -2.478607273395596       -0.6057606957943875      2.1676782466067
0                         0                        120.32832933413128       -0.3789748221092645      -1.6036022693397598      -1.2410963292435362      2.4696143224328093
0                         0                        123.83085147804302       -0.3865743264595985      -3.3872223423293306      0.08500630766383388      2.4154792264622964
0                         0                        124.29147076169937       -0.3876392536865352      -3.2879858452570545      0.07349612328168398      2.2084141480544335
0                         0                        124.29680394032658       -0.38765102516063565     -3.2868368573965547      0.07336285515441077      2.2060166907837697
0                         0                        124.30396991797777       -0.3876668218848181      -3.2852930086142855      0.07318378813100068      2.202795323861479
0                         0                        125.07044932279237       -0.3891321679012322      -3.5688796257294584      0.1223656407369802       1.9637624465805796
0                         0                        125.44688475044485       -0.38988100651137475     -3.67707705884456        0.0104346666124151       2.014814250158638
0                         0                        126.4015818690857        -0.3918663486168858      -3.9514820963396886      -0.2734391949679411      2.144289337243947
0                         0                        126.58979958291195       -0.39227234406716277     -4.005580812897392       -0.3294046820302263      2.1698152390328964
0                         0                        124.32773629038003       -0.3877110612009391      -3.355404384704883       0.34320721702359336      1.8630364334049103
0                         0                        124.71820276875741       -0.38844885299006543     -3.4676347104780874      0.22710418825102519      1.9159911143238446
0                         0                        126.0123381482183        -0.39104197132117735     -3.839603223204108       -0.15769974631865047     2.091500485499534
0                         0                        126.04247207097355       -0.39110505800989903     -3.848264504402181       -0.16665990012048226     2.095587218555261
0                         0                        127.73271441537906       -0.39484083455218233     -4.4938696892123176      0.917692179292743        5.07538086215029
0                         0                        130.8021061767729        -0.402567313127501       -1.952427640956543       -0.7171685428901569      3.313730155644155
0                         0                        131.05374488561134       -0.4034176070668764      -1.7420326851889456      -0.9034214394928206      3.4443234307891366
0                         0                        129.19302309076056       -0.3979070928696738      -3.297780930482798       0.47381032926928945      2.4786621680810637
0                         0                        130.33908449193083       -0.40108861510076854     -2.339559761254911       -0.37445843127919787     3.0734351765220325
0                         0                        130.65333176614217       -0.40208005828696025     -2.076817825950279       -0.607051681107464       3.2365205020430814
0                         0                        129.14221168967043       -0.39778181851177885     -3.3402643088715323      0.5114188938544011       2.4522925077307587
0                         0                        130.55170896396186       -0.40175383376300594     -2.1617845827278757      -0.5318345519372123      3.183781181342443
0                         0                        131.96120623825317       -0.40675688030586366     -0.9377394790752902      -1.8504492405126562      3.5230133243650954
0                         0                        130.34499133171533       -0.40110677844359544     -2.334621056470926       -0.37883043757629586     3.076500657014993
0                         0                        132.1043651511157        -0.40725664171720577     -0.9561337825838301      -0.4330539882243727      1.773667565846651
0                         0                        132.78389693024897       -0.4087853748922744      -0.781867826964878       -0.5059371607111594      2.725704566590366
0                         0                        132.89348476141774       -0.40909249170848144     -0.7537640226848632      -0.5176910021749777      2.8792392110434797
0                         0                        133.15111589632312       -0.40988076885598523     -0.6876945064383617      -0.5453232263326995      3.2401853514673817
0                         0                        132.3534896302084        -0.4077419814540537      -0.8922457986067807      -0.45977383111907955     2.1226957190107356
0                         0                        133.18749174639126       -0.4099995602684877      -0.6783659180363661      -0.5492247176775438      3.2911486121444007
0                         0                        133.20365513493553       -0.41005293939397564     -0.6742208163101411      -0.5509583217141305      3.3137938281949033
0                         0                        134.9979656315538        -0.41428873777826997     0.46008725521843985      -0.4772892362266745      1.8235357344742393
0                         0                        135.6507298282051        -0.41535151839201634     0.7967273111990778       -0.4628270542182591      1.4327109138514196
0                         0                        133.64682117516253       -0.41127836598135525     -0.2367177285272497      -0.5072242374846514      2.632496753650477
0                         0                        133.65511791401          -0.41130018651263245     -0.2324389787973753      -0.5070404208048438      2.627529306770767
0                         0                        134.4271924815703        -0.4131503859874919      0.16573118276786047      -0.4899348825762573      2.165270644420385
0                         0                        133.3573386675226        -0.41049121769700525     -0.3860080972043689      -0.5136378072472114      2.8058165369691164
0                         0                        134.4420471555817        -0.4131824843195712      0.17339195570303545      -0.4896057729217098      2.1563768121059397
0                         0                        134.90366801162125       -0.4141141207646779      0.4114565916254307       -0.47937842762139127     1.879993871400849
0                         0                        136.8742671748399        -0.41665633660754836     0.5751771419579654       -2.6997178155098425      0.5957622609169988
0                         0                        138.09522154628587       -0.41602534385989276     0.7277878506746447       -1.396167297246791       -0.8768655620206207
0                         0                        138.14015075068562       -0.4159853516874968      0.7509243349427095       -1.3854138278573345      -0.9033650443414967
0                         0                        139.31617591773187       -0.4145151109253097      1.35652348008108         -1.1039409906681215      -1.596990906169113
0                         0                        139.40603432653134       -0.41436922666229875     1.4027964486172806       -1.0824340518893152      -1.649989870810714
0                         0                        138.0789087078377        -0.41603956954998816     0.719387485362958        -1.4000716532498814      -0.8672441636487953
0                         0                        137.95603571501016       -0.41614167806290187     0.6561135168270908       -1.4294803860508267      -0.7947730227808307
0                         0                        139.3016272387133        -0.41453828261310793     1.3490315761462455       -1.1074231082924015      -1.5884100183569227
0                         0                        139.0378042551804        -0.4149368157023082      1.213174812386086        -1.1705671682764063      -1.4328058276893803
0                         0                        138.33501401160174       -0.41579812107725483     0.8512699972094495       -1.3387747622565485      -1.0182964259810472
0                         0                        139.79576084836359       -0.4136813900412733      1.6034877731508814       -0.9891559206877432      -1.879852634089783
0                         0                        140.11957279535062       -0.413041749525768       1.7749435686965853       -0.9523201137993134      -2.127433371481821
0                         0                        140.47503643266302       -0.41219171674143196     1.6684459299831929       -0.8446604299336826      -2.6552374567524666
0                         0                        140.82351523381206       -0.4111762655998643      1.7139527531840244       -0.7659253688840764      -3.0399397754256228
0                         0                        140.88296795447104       -0.41099583353137314     1.722189451949525        -0.7868677058172011      -3.029826805193508
0                         0                        141.67587035636245       -0.4083784831248673      1.759045468954863        -0.5596398460057781      -3.3251732238777585
0                         0                        141.7225262299528        -0.4082232778293327      1.7530281445050395       -0.5527050335929307      -3.3280210511815014
0                         0                        143.84584514533157       -0.4010192311543254      1.4791784051015853       -0.23710021821431582     -3.457626288772687
0                         0                        143.86917308212674       -0.40093855525831595     1.476169742876671        -0.2336328120078619      -3.4590502024245353
0                         0                        142.31325368782672       -0.4062466743640794      1.6768405500623542       -0.4649007810470942      -3.364078457336932
0                         0                        142.56434507960205       -0.40540005906309823     1.6444566666494946       -0.42757918429086317     -3.3794048217622255
0                         0                        144.20105836892228       -0.3997871857333978      1.433365669196263        -0.18430221267714586     -3.479308144430618
0                         0                        144.29008250695136       -0.3994772014488438      1.4218840039488896       -0.17106988735694983     -3.484742087714892
0                         0                        142.59391861441426       -0.4053000914247921      1.640642494061959        -0.42318344800900043     -3.381209960395868
0                         0                        144.30486927435746       -0.3994256667050813      1.41997691765512         -0.1688720192159039      -3.485644657031756
0                         0                        146.01581993430074       -0.39337255937223997     3.2835846320177353       -2.3662509432866727      -0.8902019608631377
0                         0                        149.11717179706218       -0.38197731937370405     0.3746592741957926       1.1326017732241143       -3.0341599709284317
0                         0                        149.42278460937987       -0.3810693188826048      0.1426017084960165       1.0270756449574356       -2.9080024941410567
0                         0                        147.56649586568147       -0.3871786287927766      1.552116721402669        1.6680401470083375       -3.6742815722913917
0                         0                        147.71930227184026       -0.38662199444815887     1.4360879385527596       1.6152770828750675       -3.611202833897707
0                         0                        150.21884178944384       -0.3788851802758455      -0.461859504901426       0.7522022472945284       -2.579388767335324
0                         0                        148.11733086187226       -0.3852173318904494      1.1338573318540455       1.4778403840435175       -3.4468959704948787
0                         0                        150.6678477284429        -0.37776863111502174     -0.8027981730110838      0.5971633994399035       -2.3940383695654788
0                         0                        148.75566026960638       -0.38310117782456665     0.6491617873514528       1.2574293664356269       -3.183392530216352
0                         0                        150.70509248124398       -0.37766106120449944     -0.4663312708807794      0.5125600508320503       -2.886858767445947
0                         0                        151.0081702049028        -0.3767894010178995      -0.8189793039840865      0.40305851380653834      -3.17894617654391
0                         0                        151.40691724819501       -0.375406218281944       -1.052332661003648       0.46122297066792006      -3.7586989256510392
0                         0                        151.41790937680523       -0.37537997926361943     -1.0508447394441227      -0.310912029893295       -2.3891804056336383
0                         0                        152.02726436541585       -0.3738529472966267      -1.1514448399008166      -0.10099534416694667     -2.6227814081997636
0                         0                        153.28764103528337       -0.3702427633883976      -1.3595239103471788      0.3331917852580659       -3.1059566659640865
0                         0                        153.5923185295887        -0.36927865505195867     -1.4098239605755634      0.43815012812108023      -3.222757167247096
0                         0                        152.46399055568307       -0.3726709510904138      -1.2235451745730062      0.04945245086938499      -2.790203810248018
0                         0                        152.6570690633839        -0.3721250770449404      -1.25542103943627        0.11596606145617727      -2.864221966849449
0                         0                        153.74123702470828       -0.3687944760952605      -1.4344093268216982      0.4894510570101147       -3.2798462375111797
0                         0                        153.90722087857273       -0.36824479370002267     -1.4618120603432403      0.5466308309327133       -3.3434774465719386
0                         0                        155.15737269376157       -0.3637653682471907      -1.6034074222132482      -1.0141076836761869      -4.431000465750046
0                         0                        156.19664839306034       -0.3594672785611137      -2.357001991589102       -1.4472846464529017      -4.920685332824355
0                         0                        156.35049232501137       -0.3586923831720055      -2.362107696522827       -1.5188296714172036      -5.153100214399377
0                         0                        157.23592409235908       -0.3535374708665903      -2.3914930176449936      -1.930599164667143       -6.490738408776728
0                         0                        157.54361195626115       -0.3514688381919959      -2.401704427512481       -2.073689214595767       -6.955568171926728
0                         0                        156.67744670991416       -0.3569268071817401      -2.3729585152386177      -1.6708796049660517      -5.6470362681905755
0                         0                        156.80227722997114       -0.35621011420180587     -2.3771013357844044      -1.728931960756281       -5.835620050261596
0                         0                        157.98007400512716       -0.34828910137954366     -2.4161895385470906      -2.276665619229078       -7.614939484871911
0                         0                        158.27519979165788       -0.34597594516362        -2.408908660367906       -2.3219873503280968      -7.9828599057966025
0                         0                        159.01357138167182       -0.33962743283375246     -2.3981467530388443      -2.6474036568930948      -9.213122214121682
0                         0                        159.05821945718355       -0.3392270715298812      -2.857229848104808       -2.633623405515948       -8.959221715362801
0                         0                        159.317604512638         -0.33691497234378803     -3.3631950446993386      -2.758769489797544       -8.86832183406689
0                         0                        158.6465392433343        -0.3428967168559112      -2.403496316744949       -2.4856446666180014      -8.60157944643193
0                         0                        159.52552429264847       -0.3349655689717551      -3.2350318694142617      -2.717873071547877       -9.639255149606608
0                         0                        159.60750461887716       -0.3341668221027473      -3.2236829189302263      -2.6935564599935873      -9.847051035114802
0                         0                        159.63399680589305       -0.3339050627118404      -3.759790952459042       -2.6989883858988994      -10.594561265604625
0                         0                        159.34056237009491       -0.33670510686230565     -3.260637082238718       -2.77273559076404        -9.170431368946158
0                         0                        159.67396614176857       -0.3334789477383728      -3.7454926682093372      -2.673619563267298       -10.727532991585164
0                         0                        160.23739846849676       -0.3269066456688817      -3.543935264600094       -2.3160050458240886      -12.601984175652525
0                         0                        160.2938035303303        -0.3261905377443356      -3.523757406010432       -2.2802043506703824      -12.789634990001826
0                         0                        160.69042819368323       -0.321360397328395       -3.5958097545074263      -3.1501661125565485      -12.949006477253539
0                         0                        160.7549772823337        -0.32051645245411703     -3.603733164541513       -3.12245957470037        -13.199925813577181
0                         0                        161.02226708445409       -0.3168493863718081      -3.6365430266852226      -3.007730224126655       -14.23895178832488
0                         0                        161.6461141331409        -0.3072100256667766      -3.7131203427811865      -2.7399550745121264      -16.66400984408777
0                         0                        160.6157566305549        -0.3223164824979391      -3.5866438092567616      -3.182217540916608       -12.658738412217465
0                         0                        161.71326351676296       -0.3060822837636104      -3.7213629394018         -2.7111324067063247      -16.92503721295158
0                         0                        161.73046744687167       -0.30579053133944784     -3.7234747243285433      -2.70374792846202        -16.991913427864695
0                         0                        161.94418798409845       -0.3020702322325425      -3.7497089514037008      -2.6120122234489678      -17.822701537826468
0                         0                        160.8712108860554        -0.31895591855376465     -3.618000856328944       -3.0725683863196904      -13.651756494909865
0                         0                        161.9454137194308        -0.3020483833973843      -4.249725078488524       -2.315797373035153       -16.5032700012366
0                         0                        162.1789759159617        -0.29798724175798114     -4.248930221249758       -2.2979628898098383      -18.27240602616356
0                         0                        162.37190968857703       -0.29432090152575024     -4.248273630380037       -2.28323073630888        -19.733798719966533
0                         0                        162.72991763069462       -0.28677062895107497     -4.247055260247567       -2.2558937497029667      -22.445559257491606
0                         0                        163.23895068459208       -0.27436375478560243     -4.245322922507851       -2.217024696424158       -26.301271898083183
0                         0                        163.49732026667647       -0.2673154861465105      -4.244443640947527       -2.1972959558743455      -28.258313500705654
0                         0                        163.51442154195854       -0.2668311253413701      -4.244385442006699       -2.195990126370745       -28.38784851374725
0                         0                        162.97574320355287       -0.2810240696874491      -4.246218668372134       -2.2371228521835462      -24.30758523280518
0                         0                        161.94687252402133       -0.3020243002915732      -4.249720113894888       -2.3156859807534005      -16.51431983632427
0                         0                        164.29892545322238       -0.24222987256827244     -7.427047736560899       -1.3166674206412792      -31.9281759251987
0                         0                        165.618476667164         -0.19074896618548273     -5.054972684556569       -1.585359592938207       -46.09972604461006
0                         0                        166.93802788110565       -0.1205679736391877      -2.682897632552163       -1.8540517652350093      -60.27127616402167
0                         0                        168.25757909504733       -0.03168689492938794     -5.784582485347421       2.0285736345215106       -70.83083151445574
0                         0                        170.89668152293055       0.18832913963021122      -4.059007752854399       -1.9210280812503981      -90.95454962407479
0                         0                        172.21623273687214       0.31335391054524986      -3.4409934960517674      -3.533854641368478       -93.4213140957627
0                         0                        169.5771303089889        0.07331553780532851      -2.9376233241320335      1.4523448679236424       -83.3677511850378
0                         0                        174.9197137910501        0.5552526381475237       -1.057368523548476       -1.8297796703738598      -77.75027810078673
0                         0                        175.021757256506         0.5631413796318145       -1.0564000371733648      -1.7898295416952834      -76.86504095069137
0                         0                        176.2915230246686        0.6537485243118506       -1.0443487917505188      -1.2927148503918389      -65.84969739218785
0                         0                        176.5279267305659        0.6690732254313021       -1.0421051030718615      -1.200162540173153       -63.79887187439946
0                         0                        175.5650648627417        0.6036223695093436       -1.0512435481050382      -1.5771240177878951      -72.1517937592077
0                         0                        175.53948067974434       0.6017735856694227       -1.051486365541117       -1.587140253500027       -72.37373907577374
0                         0                        173.87785670830826       0.469539697012997        -1.0672567058527633      -2.2376678612949945      -86.7884912838908
0                         0                        175.03141097508757       0.5638830088711073       -1.0563084145018582      -1.7860501002794642      -76.78129398770065
0                         0                        177.2011046511805        0.7100555765145333       -1.035716025229199       -0.9366126457049404      -57.95898686765613
0                         0                        177.2514829006791        0.7129879608295491       0.2960712864600623       0.23362796424152066      -55.355511814347864
0                         0                        177.7644459309402        0.7404127753560944       0.09613564088142823      0.11103456867584782      -51.57154884569448
0                         0                        177.9040039705606        0.7475381638787606       0.041740635586435815     0.07768149458243201      -50.5420741608763
0                         0                        177.9128058850281        0.7479827451432813       0.038309946925622285     0.07557791885002985      -50.47714527432226
0                         0                        178.44444804378722       0.7737760390412678       -0.1689061913878973      -0.05147961477963037     -46.555392394206535
0                         0                        178.8775676379964        0.7932481866877625       -0.3377215651522789      -0.15499117137879637     -43.36040872325563
0                         0                        179.63741318689537       0.8240658815295698       -0.633883669235729       -0.33658719380073876     -37.75527297406501
0                         0                        178.81639191894558       0.7905817790133606       -0.3138773382576687      -0.1403707432343282      -43.81168228843103
0                         0                        178.45030233317996       0.7740484613717887       -0.17118799545578156     -0.05287873552115485     -46.51220718793803
0                         0                        180.83037833000347       0.8638574882944521       -0.8867133928972137      0.8928245495037572       -30.759242148482997
0                         0                        184.78206288235688       0.9426758614540554       -0.2528463341536735      0.04335978453536882      -12.998296370904512
0                         0                        185.01260560141884       0.9455794618925807       -0.05633606951408865     0.11301771307267927      -12.19096530119944
0                         0                        184.7738564838073        0.9425690743368287       -0.25984131346723416     0.04088024093476861      -13.027034127388248
0                         0                        182.1448710479381        0.89726307433855         0.6139414167931285       -0.6821374061781214      -22.686615367968948
0                         0                        182.1848327286978        0.8981663570667142       0.6253413054010704       -0.6686801123933037      -22.520828913216306
0                         0                        182.29447107434157       0.9006105690150337       0.6566178909639033       -0.631758856846373       -22.065979360252854
0                         0                        183.45936376587275       0.9235002696860098       0.9889274102702359       -0.23947547737654418     -17.233263973293447
0                         0                        183.50648048447965       0.9243076395804676       1.0023684200950242       -0.22360868918292454     -17.03779387321461
0                         0                        183.7585638186797        0.9284707688505726       1.07428035861264         -0.13871837871332104     -15.991991957861217
0                         0                        182.7079974683011        0.9093807170780592       0.7745847716870813       -0.4925017969457315      -20.350409006407354
0                         0                        184.58561660659876       0.9402781231396818       1.3102141200588449       0.13979574108822135      -12.560851250170685
0                         0                        185.16254633146724       0.94738793976001         -0.013296584103130726    0.15265630089563365      -11.912424995166646
0                         0                        185.33674661089765       0.9494329605225234       0.045581541517776714     0.20050443174297738      -11.566535764255633
0                         0                        185.01632148094427       0.9456248196116397       -0.06271926669644756     0.1124922678421385       -12.20276667115482
0                         0                        185.34712712157966       0.9495529344834827       0.049246923300984236     0.2037258550414549       -11.546715193527412
0                         0                        185.37256584179906       0.9498459885489438       0.05420474523879193      0.21168525164847551      -11.49328547739476
0                         0                        185.90283426663262       0.9556452246580945       0.15755021257200497      0.3775983425989011       -10.379546611263908
0                         0                        185.91368070855214       0.9557576822605645       0.017774559636393406     -0.3178865829981419      -9.286599323978834
0                         0                        188.355280772111         0.9743084015164746       0.10065233401886786      0.09614874795985351      -5.908943576581192
0                         0                        188.6191809624936        0.975819601340441        0.10961017308706644      0.14089973084839968      -5.543869866071056
0                         0                        186.73863045475764       0.9629479365517211       0.04577668822557257      -0.17799539185196522     -8.14538201604509
0                         0                        187.26643083552295       0.9670543862378539       0.06369236636174946      -0.08849342607489064     -7.41523459502487
0                         0                        188.33404594611352       0.9741826142328966       0.09993153819969436      0.09254784364275714      -5.9383193671315855
0                         0                        186.69616080276273       0.9626007574325325       0.044335096586991085     -0.18519720048627164     -8.204133597146267
0                         0                        187.93057966173936       0.9716741059612408       0.08623626181641697      0.024129883193467094     -6.496465737881394
0                         0                        185.94500446933532       0.9560478948062691       0.018837814678761333     -0.3125748434317188      -9.243266723272228
0                         0                        189.97193108946425       0.9820533275683273       -0.3104017438322444      0.3561915071366002       -4.127829441425163
0                         0                        193.1707425968749        0.9913386576885364       0.05241842289268561      -0.03078722513417631     -1.8539579111382238
0                         0                        193.33135600450095       0.9916279703015691       -0.019731067182593875    -0.005171002342414965    -1.9061740512487262
0                         0                        192.82702561362132       0.9906626861724888       0.018953730391018553     -0.02515938557341002     -2.079345061843327
0                         0                        192.71161394362952       0.9904183383413623       0.007717113536045872     -0.023269696108437543    -2.1550244979054582
0                         0                        191.34177251654688       0.9868510647312988       -0.1256522699005984      -8.406392077375813E-4    -3.0532770463988754
0                         0                        191.81436983211822       0.9882208066779365       -0.07963963563102539     -0.008578696965898303    -2.74337859046787
0                         0                        192.21154769948873       0.9892586947772316       -0.04096992814610445     -0.015081876684924111    -2.4829352832956033
0                         0                        191.09173939447652       0.9860671471994842       -0.14999579074174108     0.0032532705038903487    -3.2172324390941185
0                         0                        191.89008814243468       0.9884266509197949       -0.07226761127651571     -0.009818468414493964    -2.693727467451282
0                         0                        193.51497750461536       0.9919711099271423       -0.0129332057614846      -0.007168190484577508    -1.8312926981182898
0                         0                        193.53083175052973       0.9920000924398584       -0.01234626487149626     -0.007340631685224253    -1.8248272929982647
0                         0                        193.93976376977852       0.9927122252611167       0.0027928293833525686    -0.011788445145867854    -1.6580636900397963
0                         0                        194.47112870060428       0.9935078642940859       -0.01569006015511576     0.0416270426016041       -1.4324458528266866
0                         0                        194.57540224499994       0.9936559024188025       -0.0136946580193964      0.03984523258363737      -1.4069728237839823
0                         0                        195.93849054141185       0.9953467836131307       0.01238970799608552      0.016552992971377023     -1.0739833971430501
0                         0                        196.0374617924179        0.9954518806434378       0.014283644245900007     0.014861787714103514     -1.0498056676349277
0                         0                        195.32245461461744       0.9946388171143998       6.011051333913997E-4     0.027079718536249686     -1.2244750788584309
0                         0                        196.81344005583662       0.9961929582257518       0.029132939846483907     0.0016019925172514604    -0.8602416036620896
0                         0                        195.4252751346012        0.9947634269522531       0.002568701865151013     0.0253227375726226       -1.1993570097748436
0                         0                        196.91078649942403       0.9962755421981175       0.03099578341385012      -6.144828473964026E-5    -0.8364607990573742
0                         0                        197.4058523822195        0.996659708803343        0.07960497912938536      0.04961180147466493      -0.6820738591349027
0                         0                        197.4878228651494        0.9967146650366913       -0.05784749610563722     0.08243833079060892      -0.8168298683870319
0                         0                        197.53812165164686       0.9967555595169502       -0.05650035791404662     0.08534510268151507      -0.8092324327515712
0                         0                        198.4352827076538        0.997361135558915        0.006090205681601901     0.005133794765981747     -0.5966188563770913
0                         0                        214.92223738402245       0.9997357114319064       -1.1409747553159377E-4   -7.451663691426802E-5    -0.003728577203460759
0                         0                        215                      0.9997359977789535       -1.1069709455568955E-4   -7.536147043651908E-5    -0.0036360682208140815
0                         0                        214.87143113233373       0.9997355204614892       -1.1631911652898452E-4   -7.396466446607519E-5    -0.0037890180023367748
0                         0                        205.94235659614583       0.9994507393426164       8.970206409912862E-4     0.0021809188764194687    -0.09866947252845648
0                         0                        207.3081311455899        0.9995568705684316       -0.006077693689633179    -0.0016531442617946368   -0.05879340100077002
0                         0                        204.57658204670165       0.9992873500596594       -0.0060869924719852975   -0.0043200990621024005   -0.14059297825249928
0                         0                        203.21080749725755       0.9990667027195611       -0.006543404291278421    0.0020978263447091194    -0.20950908281417924
0                         0                        211.60914216989286       0.999706699557777        -1.5472878075684093E-4   -8.744947948287063E-4    -0.014228979884393311
0                         0                        211.8473222269189        0.9997100168209615       -8.608175933773055E-4    -2.9018212569553725E-4   -0.013979720700945109
0                         0                        211.47548916678943       0.9997047752046604       -4.3020544467253785E-5   -0.0010171694666922804   -0.014567277169973636
0                         0                        211.23285074801055       0.9996999665388382       6.107217875381821E-4     7.375821046480269E-4     -0.020497940399721415
0                         0                        211.3659497968323        0.99970264516919         3.43338285659911E-4      9.51084028613991E-4      -0.0197522398378851
0                         0                        212.11193712409752       0.9997135771646102       -7.595771536443863E-4    -2.2392460425635363E-4   -0.012929902953430883
0                         0                        212.25742237810607       0.9997154162885282       -7.039151660421794E-4    -1.8749622250879838E-4   -0.012352713220735723
0                         0                        212.63429080962308       0.9997197898957727       -5.597270411357158E-4    -9.31312842880061E-5     -0.010857547331795558
0                         0                        214.30049839108062       0.9997328046468141       -3.1560299274602244E-4   4.1642157270871394E-5    -0.005486618917817765
0                         0                        214.59842428336728       0.9997343257921287       -1.976020570495507E-4    3.818059681748309E-5     -0.00472494949116431
0                         0                        214.8514535231983        0.9997354395017377       -9.738355361754714E-5    3.524068445415196E-5     -0.004078061654150034
0                         0                        213.87176277930467       0.9997302173706121       -4.854143607655459E-4    4.662357818574492E-5     -0.006582713000621965
0                         0                        213.67338990983407       0.9997288612360675       -5.639848537981607E-4    4.892844560799858E-5     -0.007089867812378969
0                         0                        212.92900474023517       0.9997228707638147       -4.509119607831735E-4    4.6135323428586617E-4    -0.009771296609173419
0                         0                        213.03155191480496       0.9997238484312327       -3.9596348684511895E-4   3.785876260593568E-4     -0.009296365113968363
0                         0                        212.73439505499502       0.999720881473528        -5.551908480967427E-4    6.184223004623846E-4     -0.01067260148785465
0                         0                        213.03369347722355       0.9997238683293581       -3.948159604121315E-4    3.7685917556018467E-4    -0.00928644679659385
0                         0                        213.29664723684175       0.9997261501189731       -2.5391585371892234E-4   1.6462975105469013E-4    -0.008068616829959296
0                         0                        198.76053019011576       0.9975437427146986       0.005447996248534537     0.013594549640913556     -0.5488929898161441
0                         0                        201.5239769041008        0.998672621296298        0.019037598672213107     -0.006201427590639241    -0.2999093646579638
0                         0                        201.72738172821028       0.9987319984629548       0.022144464507221073     -0.006449477550830807    -0.28392306819022295
0                         0                        199.83714631094415       0.9980549101366022       -0.006727553956679344    -0.004144356116768222    -0.43248328010650994
0                         0                        200.243955959163         0.9982243451280006       -5.138222876013288E-4    -0.0046404560368671355   -0.40051068717074045
0                         0                        201.22706978002992       0.9985801119100552       0.014502550873544351     -0.00583935259751911     -0.32324433387319473
0                         0                        199.24333206280235       0.9977842387655919       -0.015797649554144755    -0.003420206130670067    -0.47915321853705173
0                         0                        200.6038755035197        0.9983634061695507       0.004983695976704894     -0.005079373987811664    -0.37222335148017294
0                         0                        198.79908527279588       0.9975636210682491       -0.02258320727167984     -0.002878452025257161    -0.514068127370086
0                         0                        208.52995526159825       0.9996205582402189       -1.368430539230303E-4    -0.002427345943971204    -0.04486425896348223
0                         0                        208.6148271498581        0.9996243231486194       -1.3022623346614637E-4   -0.002228178670577563    -0.043855539250984066
0                         0                        209.75177937760654       0.999666503035529        -4.158664742703877E-5    4.3988586830323584E-4    -0.030342629995221415
0                         0                        209.9215231541262        0.9996714822842401       -2.83530062574755E-5     8.382204155310546E-4     -0.028325190570051006
0                         0                        208.68731115662422       0.9996274707518003       -1.245752023919522E-4    -0.002058081806978862    -0.042994052038014985
0                         0                        208.755667333638         0.9996303818936263       -1.192459870935636E-4    -0.0018976716440874952   -0.042181624923980365
0                         0                        210.0442880489599        0.9996748700610228       -1.8781953542656993E-5   0.0011263104993304296    -0.026866104741124275
0                         0                        210.20320352168613       0.9996789894255284       -6.392513512309961E-6    0.001499234468525401     -0.024977361916228347
0                         0                        210.97360349361486       0.9996947049543615       -4.135543615575443E-4    1.688844272393908E-4     -0.02100212315057881
