Cs Rydberg State (n), Distance (um), Rb-Cs Energy Shift (GHz), Na-Cs Energy Shift (GHz), Rb-Rb Energy Shift (GHz), Na-Na Energy Shift (GHz), Cs-Cs Energy Shift (GHz)
50, 5, 0.033470979253215086, 0.01383106083294412, 0.0006013606025630035, 0.001402923473324193, 0.0006954877328347469
50, 6, 0.014028659980298907, 0.004644088841933603, 0.00020141477024235147, 0.00047000411834651997, 0.00023296338996384543
50, 7, 0.00615079900644516, 0.001843169697680114, 7.988262781829092e-05, 0.00018641475926984376, 9.239693701933455e-05
50, 8, 0.002883866220244244, 0.0008274489440345346, 3.585672931271499e-05, 8.367074592899228e-05, 4.1473595162655305e-05
50, 9, 0.0014507230150941418, 0.00040820930736426385, 1.7692177289203618e-05, 4.127799527394239e-05, 2.0462912006840062e-05
50, 10, 0.0007781869754021878, 0.00021695556851042657, 9.40704719530843e-06, 2.1941660718485476e-05, 1.0879554013668378e-05
50, 11, 0.0004413335075204339, 0.0001224733858957681, 5.3143918459481274e-06, 1.238989422953938e-05, 6.145590468958239e-06
50, 12, 0.00026249761498563007, 7.266759308559012e-05, 3.1570554309421663e-06, 7.354908222462411e-06, 3.650201247751483e-06
50, 13, 0.00016261802129527894, 4.495814450412911e-05, 1.9568470946778995e-06, 4.553747440454565e-06, 2.26192009627462e-06
50, 14, 0.00010433482123516259, 2.8824139023815945e-05, 1.2580264644223494e-06, 2.922771012906701e-06, 1.4535937876525505e-06
51, 5, 0.04341876900811178, 0.017347196501980414, 0.0006013606025630037, 0.0017917557817401562, 0.0008883146985382302
51, 6, 0.02431874807035043, 0.005828389685688006, 0.0002014147702423514, 0.0006003446454705611, 0.00029756959929696494
51, 7, 0.014481378059456023, 0.00231363801832144, 7.988262781829082e-05, 0.00023811848308168219, 0.00011802126492402053
51, 8, 0.008973721305549907, 0.001038724544231044, 3.5856729312714994e-05, 0.00010687751852929863, 5.2974239223544766e-05
51, 9, 0.005702966075576071, 0.0005124520327972924, 1.769217728920364e-05, 5.272568943477796e-05, 2.6135951950995943e-05
51, 10, 0.0036828223211866047, 0.00027236091438394115, 9.407047195308425e-06, 2.802555236436537e-05, 1.3894467942578764e-05
51, 11, 0.0024049331211354217, 0.00015375006799505904, 5.314391845948126e-06, 1.582412525317245e-05, 7.847438565054096e-06
51, 12, 0.0015858902742991417, 9.1224370080479e-05, 3.157055430942168e-06, 9.392420939644431e-06, 4.65989687303993e-06
51, 13, 0.001057045611629774, 5.643802257927509e-05, 1.9568470946779004e-06, 5.814206972284391e-06, 2.8865437399517433e-06
51, 14, 0.000713480550145023, 3.6183387441156336e-05, 1.2580264644223488e-06, 3.730789904565355e-06, 1.8540090826871664e-06
52, 5, 0.0356754267748564, 0.021663710437320172, 0.0009879804382745495, 0.002276337127931446, 0.0011286200245084557
52, 6, 0.014564920664932245, 0.007283074543182342, 0.000330921493927946, 0.0007628366195785223, 0.00037809627010225124
52, 7, 0.006263536315381472, 0.0028915973380916277, 0.00013124447732090462, 0.000302582801140588, 0.00014996158121470416
52, 8, 0.0029068240659405526, 0.001298283712500449, 5.8908246013233716e-05, 0.00013581286446707862, 6.730986283734259e-05
52, 9, 0.0014550024814543494, 0.0006405200967531455, 2.9062916969119563e-05, 6.699945973753965e-05, 3.320748288391915e-05
52, 10, 0.0007785710953975035, 0.00034043007295597955, 1.5449952044398528e-05, 3.561141958679385e-05, 1.7652616738906235e-05
52, 11, 0.0004409969028303291, 0.0001921757130580013, 8.725461786231487e-06, 2.0106205435579308e-05, 9.968828782277409e-06
52, 12, 0.00026212044910938636, 0.00011402274935853398, 5.180819006627046e-06, 1.1932963170061542e-05, 5.918505257409914e-06
52, 13, 0.00016232278960083473, 7.05419225902074e-05, 3.2087983636371375e-06, 7.385855548680373e-06, 3.6651515850099985e-06
52, 14, 0.00010412227777653747, 4.522478799599745e-05, 2.060590125599745e-06, 4.738297459246432e-06, 2.353136166469529e-06
53, 5, 0.03835076299392333, 0.026933865401716803, 0.0012561649250932055, 0.002877360741010661, 0.0014266964587966915
53, 6, 0.015736335088106717, 0.00906195640551578, 0.00042076648465391074, 0.000964466106210161, 0.00047799661770696263
53, 7, 0.006773766520211564, 0.003598668221349446, 0.00016687793998991136, 0.00038258495918651027, 0.00018958807465515925
53, 8, 0.0031442022486818265, 0.001615873981274831, 7.490097622289104e-05, 0.0001717243040899516, 8.509552221551132e-05
53, 9, 0.0015738853734678438, 0.0007972305909642839, 3.6951775857808276e-05, 8.471489592863012e-05, 4.198091851689225e-05
53, 10, 0.0008421936198769759, 0.0004237251975348276, 1.9642444653026275e-05, 4.502646661128352e-05, 2.231525290627194e-05
53, 11, 0.0004770349677819776, 0.00023919718897125644, 1.1092022806030734e-05, 2.5420848257320366e-05, 1.2600785633107018e-05
53, 12, 0.0002835407760419406, 0.00014192133356271137, 6.58488376447422e-06, 1.5086128741899305e-05, 7.48003105842561e-06
53, 13, 0.0001755874713518137, 8.780106191502501e-05, 4.07738860265187e-06, 9.336492274275073e-06, 4.6311524353292715e-06
53, 14, 0.00011263066143385972, 5.6288901676439785e-05, 2.6174002232814362e-06, 5.98875690425901e-06, 2.9723918199112264e-06
54, 5, 0.04165979426259541, 0.03333996410957102, 0.0015891975458554263, 0.0036193231336985295, 0.001794716433905948
54, 6, 0.017317961039284024, 0.011228668200763825, 0.0005323688040828271, 0.0012135265122989085, 0.0006013705189932892
54, 7, 0.0074916981583331155, 0.004460351140996975, 0.0002111403627175992, 0.00048142475940460554, 0.00023852945305783148
54, 8, 0.0034844930125817928, 0.0020029801618643072, 9.476678558408095e-05, 0.00021609454870641432, 0.00010706263296918154
54, 9, 0.00174576479257918, 0.0009882566026346027, 4.6751212926595375e-05, 0.00010660373702360219, 5.2817137842179896e-05
54, 10, 0.0009345531806705917, 0.0005252631069451342, 2.4850323252495895e-05, 5.665965727554342e-05, 2.8074184999454916e-05
54, 11, 0.0005294583650630895, 0.0002965179398723843, 1.403175027210169e-05, 3.198763813020818e-05, 1.585158636574573e-05
54, 12, 0.00031473440748097116, 0.00017593092747581843, 8.329006079608001e-06, 1.8982203024890897e-05, 9.408716298688965e-06
54, 13, 0.00019491619898728268, 0.00010884080598983899, 5.156347720716798e-06, 1.1746717550308656e-05, 5.8242886828108245e-06
54, 14, 0.00012503316276483002, 6.977663996020967e-05, 3.3090675976448393e-06, 7.533838109338001e-06, 3.737253156957283e-06
55, 5, 0.04546758293688681, 0.04109616175640431, 0.0020004005851112653, 0.00453110528725227, 0.0022470561465962875
55, 6, 0.019270178280448715, 0.013858084248946188, 0.0006701235162363257, 0.0015198331485326002, 0.0007530681360461991
55, 7, 0.008404052423534432, 0.0055066134694111086, 0.00026577907471103803, 0.0006030121080940218, 0.0002987134498544546
55, 8, 0.003922365325936528, 0.0024730891899712223, 0.00011928957897202611, 0.0002706811943476458, 0.00013407705399164037
55, 9, 0.0019681678515507148, 0.0012202579424094016, 5.884780532843571e-05, 0.00013353353326146314, 6.614338599968039e-05
55, 10, 0.0010543773333666908, 0.0006485847600780696, 3.127900279898618e-05, 7.097218414857189e-05, 3.51565032155496e-05
55, 11, 0.0005975610206091695, 0.0003661372003255443, 1.7660587284730518e-05, 4.00669455081576e-05, 1.9849427128415325e-05
55, 12, 0.00035528633790011827, 0.00021723780257165243, 1.0481971421524743e-05, 2.377567406062927e-05, 1.1780621771055054e-05
55, 13, 0.00022005360036345782, 0.00013439506019409972, 6.488227187008342e-06, 1.4712105746452807e-05, 7.291614463100978e-06
55, 14, 0.00014116658710243722, 8.615849088841748e-05, 4.162869517056213e-06, 9.434810601631193e-06, 4.677884618737725e-06
56, 5, -0.04908899157109754, 0.05044585929168831, 0.005911855831087971, 0.005646575778880358, 0.0028006845520790746
56, 6, -0.02142704216070207, 0.0170372974105102, 0.0019822416102484295, 0.0018949530630023798, 0.0009388160771996989
56, 7, -0.009997745509052127, 0.0067724551941941704, 0.0007863886020501677, 0.0007519616357688534, 0.0003724163664082647
56, 8, -0.004907841915243663, 0.0030419692145417735, 0.0003529795953707745, 0.00033755975809829564, 0.00016716124259201156
56, 9, -0.0025364402412298907, 0.0015010236062407475, 0.0001741288568062975, 0.0001665289913918965, 8.246418664540837e-05
56, 10, -0.0013807363980932203, 0.0007978320922852436, 9.254619756254134e-05, 8.850884064115768e-05, 4.383037477435087e-05
56, 11, -0.0007893057731143007, 0.0004503936766982171, 5.224491197704082e-05, 4.9966354058575734e-05, 2.474569322347651e-05
56, 12, -0.00047152685869187943, 0.00026722970877492917, 3.10007659860618e-05, 2.9649048228443893e-05, 1.4685566914975131e-05
56, 13, -0.00029283773083982497, 0.0001653223942477971, 1.9181726983427506e-05, 1.834556651863365e-05, 9.088695594333693e-06
56, 14, -0.000188152810573077, 0.00010598486785100256, 1.2300061196507344e-05, 1.1764057606556194e-05, 5.829907150632354e-06
57, 5, 0.054013133464778935, 0.061662945728038106, 0.0031262616721132543, 0.0070052279912099545, 0.00347544869128812
57, 6, 0.02419469943918697, 0.02086731153441437, 0.0010474711143847611, 0.002352461859904149, 0.0011653380471938178
57, 7, 0.010818735274654434, 0.008298652543818468, 0.00041545969527289505, 0.000933700013128908, 0.0004623139636305928
57, 8, 0.005105187862436264, 0.003728007359513675, 0.00018647141100304582, 0.000419172742846358, 0.00020751759065781132
57, 9, 0.002574464937345411, 0.0018396384969947687, 9.198779491644568e-05, 0.000206796361368044, 0.00010237295406441074
57, 10, 0.001382453237649973, 0.0009778365677534282, 4.889124167630474e-05, 0.00010991102592105336, 5.4411239581650754e-05
57, 11, 0.0007844328534829763, 0.0005520155078646019, 2.7602317754695505e-05, 6.204801411044949e-05, 3.071846323338833e-05
57, 12, 0.00046668941319839954, 0.00032752550599763036, 1.6380347770410437e-05, 3.6817216903977794e-05, 1.8229210924998405e-05
57, 13, 0.0002891553478872301, 0.00020262436904452583, 1.0137118073124406e-05, 2.27800474804111e-05, 1.1280897738398443e-05
57, 14, 0.00018553363300518049, 0.00012989785618242207, 6.5019942391611765e-06, 1.4606809098442788e-05, 7.23522425269908e-06
58, 5, 0.05846647216622733, 0.07500562195881906, 0.003882400261082175, 0.008652835012403487, 0.004294424075204259
58, 6, 0.02712067170355022, 0.025459092168563156, 0.0013010069040962171, 0.00290822613234137, 0.001440496112524275
58, 7, 0.012335827013788393, 0.010131670923302334, 0.0005160412667243409, 0.0011545860299929788, 0.0005715404157538617
58, 8, 0.005866171425495166, 0.004552391618356006, 0.00023161797268442385, 0.0005183848661352505, 0.0002565553621449398
58, 9, 0.0029687136554837922, 0.0022466233059697236, 0.00011425847389465562, 0.00025575095334815347, 0.00012656537837870682
58, 10, 0.0015968720856969264, 0.0011942052176668425, 6.072709084160367e-05, 0.0001359314352571453, 6.726894739185291e-05
58, 11, 0.0009068789536191569, 0.0006741720681765887, 3.428342893962102e-05, 7.673695359027694e-05, 3.797654437804043e-05
58, 12, 0.0005397850442194589, 0.00040000690779014585, 2.034422481072934e-05, 4.55323930998566e-05, 2.25354489659997e-05
58, 13, 0.0003345302094933656, 0.0002474655212841381, 1.258927984009794e-05, 2.817159013788571e-05, 1.394486947146024e-05
58, 14, 0.00021467975771737456, 0.00015864415415919606, 8.073955852945198e-06, 1.806310155660262e-05, 8.942972967877812e-06
59, 5, 0.06283198717489638, -0.062241993423084736, 0.004800736643267902, 0.005646575778880354, 0.005284354944438859
59, 6, 0.03029658039477204, -0.028417597635318065, 0.001609142315426732, 0.0018949530630023826, 0.0017734564358618937
59, 7, 0.014066585468465887, -0.01323921277431294, 0.0006383092637677996, 0.0007519616357688532, 0.0007037563218486065
59, 8, 0.006753187652985733, -0.006428513927673548, 0.00028650281728882917, 0.00033755975809829543, 0.00031592159235769587
59, 9, 0.003432753662079916, -0.0032934323753394373, 0.00014133388082232995, 0.00016652899139189638, 0.00015585474410218262
59, 10, 0.001850427230543077, -0.0017832199410801727, 7.51166417907741e-05, 8.850884064115777e-05, 8.283591738157412e-05
59, 11, 0.0010520164074501015, -0.0010162665208527655, 4.2406114158111634e-05, 4.996635405857579e-05, 4.67640835904424e-05
59, 12, 0.0006265358322113544, -0.000606054597822765, 2.516340022713347e-05, 2.964904822844395e-05, 2.774914951819379e-05
59, 13, 0.00038841970291728903, -0.0003760053761547025, 1.5570558613416508e-05, 1.834556651863365e-05, 1.717023623466225e-05
59, 14, 0.0002493094766723414, -0.0002414445876781049, 9.985110971537669e-06, 1.1764057606556194e-05, 1.1010609998516801e-05
60, 5, 0.0672265541978009, -0.0798581835937981, 0.0059118558310879725, 0.007005227991209957, 0.006476438645269447
60, 6, 0.033728697797089424, -0.04126489870770789, 0.0019822416102484304, 0.0023524618599041524, 0.002174905837298044
60, 7, 0.01602945547784984, -0.021732356843171062, 0.0007863886020501669, 0.0009337000131289102, 0.0008632290952143953
60, 8, 0.007780964301585673, -0.011662142978222361, 0.00035297959537077466, 0.0004191727428463574, 0.0003875362770015085
60, 9, 0.003975749480878509, -0.006403828568729081, 0.00017412885680629753, 0.00020679636136804332, 0.00019118910713571605
60, 10, 0.0021485366056617984, -0.0036209378409068466, 9.254619756254149e-05, 0.00010991102592105316, 0.00010161622293288523
60, 11, 0.0012230697905927753, -0.0021174053678315583, 5.224491197704085e-05, 6.204801411044943e-05, 5.736568343738984e-05
60, 12, 0.0007289092585580755, -0.001281928660642109, 3.1000765986061785e-05, 3.6817216903977726e-05, 3.403918579729836e-05
60, 13, 0.00045206012994627976, -0.0008024676027426003, 1.9181726983427465e-05, 2.27800474804111e-05, 2.106147433287811e-05
60, 14, 0.00029022257530360567, -0.0005180805316062716, 1.230006119650735e-05, 1.460680909844275e-05, 1.3505112543168746e-05
61, 5, 0.07141348277577333, -0.09881587486849001, 0.007252083823105935, 0.008652835012403493, 0.007906480482333762
61, 6, 0.03727224382520664, -0.057674366393200956, 0.0024324648144890123, 0.002908226132341374, 0.0026572135363081297
61, 7, 0.01820342368081456, -0.03565915108307956, 0.0009651010655255259, 0.0011545860299929792, 0.001054910663982423
61, 8, 0.008955727114926508, -0.023496604888389578, 0.000433212225731576, 0.0005183848661352504, 0.0004736294651429717
61, 9, 0.004605428128910648, -0.016656444349961476, 0.0002137107837536938, 0.0002557509533481533, 0.0002336700449988529
61, 10, 0.00249665146436259, -4.707108747436488e-05, 0.00011358300515906043, 0.0001359314352571453, 0.00012419566630936764
61, 11, 0.0014235249662270058, -0.00010499282740365122, 6.412001757151372e-05, 7.673695359027691e-05, 7.011211971072199e-05
61, 12, 0.0008491071528574664, -0.00010048966329609292, 3.804629108368147e-05, 4.553239309985655e-05, 4.1601837560441755e-05
61, 13, 0.0005268607473008112, -7.962185823617729e-05, 2.3540304388464173e-05, 2.8171590137885704e-05, 2.57400186821365e-05
61, 14, 0.0003383403033479393, -5.882904400004917e-05, 1.5094142324325885e-05, 1.806310155660266e-05, 1.650433070204688e-05
62, 5, 0.157964861548367, -0.11756910024872076, 0.013086614812626803, 0.010641210392183294, 0.009615086252400375
62, 6, 0.05426721644663145, -0.0761064471283882, 0.004396839326205794, 0.003580609691308967, 0.0032346120308711797
62, 7, 0.020900429070626766, 0.04157260359484275, 0.001745378268634883, 0.0014220282806012069, 0.0012845237577576852
62, 8, 0.009190279937088127, 0.02592034637119646, 0.000783603518715905, 0.0006385417886140051, 0.0005767823791913597
62, 9, 0.004486818198668569, 0.016838970399171645, 0.00038659044650518566, 0.00031504731566714183, 0.00028457342971405756
62, 10, 0.0023723976909375884, 0.011247094982477255, 0.00020546855265977097, 0.00016745039148804042, 0.00015125293713166485
62, 11, 0.0013356845591619817, 0.00765511232943448, 0.00011598986036197318, 9.453037867153971e-05, 8.53866732831979e-05
62, 12, 0.0007913513610243625, 0.005278814541706922, 6.882115431420148e-05, 5.6089655113316084e-05, 5.0664558130526443e-05
62, 13, 0.0004891704191492957, 0.0036757186128330106, 4.25787060346006e-05, 3.4702768156256276e-05, 3.1346596759085636e-05
62, 14, 0.00031344267463660313, 0.0025807880760176705, 2.7298823955197127e-05, 2.224998536176647e-05, 2.009848498971242e-05
63, 5, -0.10397708292831716, -0.13532645783687644, 0.019045040294272293, 0.013030499882902592, 0.01164851706648761
63, 6, -0.05362295356606884, 0.06313630539835267, 0.006412024639692125, 0.004390994528314221, 0.003923479702213154
63, 7, -0.026587590639509197, 0.03326994793528193, 0.0025469572969366422, 0.0017446631794068208, 0.0015586743587291828
63, 8, -0.013789944031707496, 0.01825199367678182, 0.0011437437558857576, 0.0007835454240838741, 0.0006999779893975142
63, 9, -0.007362625012689618, 0.010283023720633206, 0.0005643175110937492, 0.0003866154554687752, 0.00034537440001800767
63, 10, -0.004082862802247479, 0.005939238976244284, 0.0002999395620077195, 0.00020549486983926165, 0.00018357289014075696
63, 11, -0.0023583456081562575, 0.0035256064125194692, 0.00016932173872043611, 0.00011600835031113488, 0.00010363262692225678
63, 12, -0.0014171639285648831, 0.00215551651324779, 0.0001004642482575986, 6.883326130399188e-05, 6.149042278745134e-05
63, 13, -0.0008831217314901982, 0.0013577148637683996, 6.21544978063691e-05, 4.258658711950162e-05, 3.804398069086978e-05
63, 14, -0.0005685774316948961, 0.0008799849501736881, 3.984810442683448e-05, 2.730402222963565e-05, 2.4391930638906467e-05
64, 5, -0.12173306818504624, -0.12172819142619619, 0.022855058033429763, 0.01929809677667985, 0.014058901630415049
64, 6, -0.0659090791300927, -0.06920723382715492, 0.007705112486990023, 0.0065286195500517084, 0.004742558199896084
64, 7, -0.0352887680564751, -0.03651012817051771, 0.0030618686827126223, 0.0025972052024026268, 0.0018849571349928431
64, 8, -0.019461604134547263, -0.019176292475099076, 0.0013751795830848903, 0.0011669560227470588, 0.0008466515466753583
64, 9, -0.010914223035012096, -0.010294352934816382, 0.0006785485233336749, 0.0005759027273307102, 0.00041777294897603703
64, 10, -0.006263509589459465, -0.005722765603591979, 0.0003606637440830441, 0.00030612929167002714, 0.0002220603045281061
64, 11, -0.0036981029866042553, -0.0033095850679593017, 0.0002036037380324361, 0.0001728248551264931, 0.0001253610770678154
64, 12, -0.0022523430566211066, -0.001990033356074614, 0.00012080498668084267, 0.00010254549092201623, 7.438277752158922e-05
64, 13, -0.0014151146512504389, -0.001240545353562401, 7.473829897697522e-05, 6.344299463878096e-05, 4.601986794049653e-05
64, 14, -0.0009156857048230695, -0.000798859046215825, 4.791514227807721e-05, 4.067446429355219e-05, 2.9505006075093116e-05
65, 5, -0.1393871535184044, -0.13031137586282404, 0.02726518992946145, 0.023335080892650923, 0.016906421001730725
65, 6, -0.07924892012055028, -0.07955737398156598, 0.009206875103398094, 0.007916075599897389, 0.00571323920494714
65, 7, -0.04526315908207899, -0.044064755612134576, 0.003660500197430186, 0.003151924149769927, 0.002272015532466543
65, 8, -0.0267060936413093, -0.02405454785681738, 0.0016443477398204378, 0.0014166544106887446, 0.0010207088416237036
65, 9, -0.016004380558820655, -0.013279116795538299, 0.0008114243134852475, 0.000699223681108319, 0.0005037011589592042
65, 10, -0.009727219374669157, -0.0075174489226559876, 0.0004313044309017676, 0.00037170409009805563, 0.00026774329956444327
65, 11, -0.0060027915453391735, -0.004395883167089562, 0.00024348555220405737, 0.0002098504456261537, 0.00015115274216664907
65, 12, -0.0037723736734511966, -0.0026606817484522843, 0.00014446874193564606, 0.00012451571623388883, 8.968627447241219e-05
65, 13, -0.0024206841371703577, -0.0016651445865657778, 8.937803861014234e-05, 7.703543454101488e-05, 5.5487508972575104e-05
65, 14, -0.001588272439406855, -0.0010748441303392372, 5.730022818993174e-05, 4.93883131319588e-05, 3.557443047333232e-05
66, 5, -0.15715137636074056, -0.13616327157859645, 0.031797015433811006, 0.02809530825763611, 0.020247148422805443
66, 6, -0.09327332046877823, -0.08970972892597946, 0.0107541951491479, 0.009563261681218654, 0.006857415936210826
66, 7, -0.05618727919907203, -0.05214300213753542, 0.004277802949188317, 0.0038119542112332074, 0.0027289331213228335
66, 8, -0.035359468729801134, -0.02963247779614427, 0.0019219951089941608, 0.0017140028192709044, 0.0012262932418999487
66, 9, -0.022815769759358385, -0.016894974766503416, 0.0009485030312303412, 0.0008461285999176279, 0.0006052165183517698
66, 10, -0.015009209236595296, -0.009789542154273755, 0.0005041836778496716, 0.0004498317699819933, 0.000321718638827361
66, 11, -0.010006968852501744, -0.005813079583036178, 0.0002846323574449065, 0.00025396723085228744, 0.00018162764670577028
66, 12, -0.006739275048846511, -0.0035525828587895866, 0.00016888343901931883, 0.00015069478912869288, 0.00010776906043204922
66, 13, -0.0045799660399707285, -0.0022366323049021076, 0.00010448247841347987, 9.323215659421357e-05, 6.667474877440392e-05
66, 14, -0.0031428581901337205, -0.0014490937582170437, 6.698326572576613e-05, 5.977185524375636e-05, 4.2746301282658354e-05
67, 5, 0.43856098248045977, -0.10720656264242465, 0.03805705118351036, 0.06622273923550405, 0.023732530535817566
67, 6, 0.0873123667546723, -0.08621301506649372, 0.012899419899070461, 0.023233099551593847, 0.008059051689584693
67, 7, 0.06115681673714047, -0.060111710097257874, 0.005134642526877355, 0.009358616981720911, 0.003209802235908046
67, 8, -0.044903213966453054, -0.04098702067347678, 0.0023075464117929432, 0.004224805883700576, 0.001442820810208378
67, 9, -0.031009301419052077, -0.028041120080089323, 0.0011388896412123494, 0.002089092759262389, 0.0007121696131895382
67, 10, -0.02216602202741252, -0.019366214301515576, 0.0006054128771768841, 0.0011114841554586861, 0.00037859349664646206
67, 11, -0.016292088082785056, -0.013516073708317587, 0.00034178754211873394, 0.0006277579754914345, 0.0002137419586093234
67, 12, -0.012244010829337052, -0.009529964788416365, 0.00020279752582220742, 0.00037255756801764, 0.0001268253406105809
67, 13, -0.009366789128163971, -0.006783759113047621, 0.0001254640769013389, 0.00023051493953827313, 7.846450781069268e-05
67, 14, -0.007268369325229986, -0.004871489968570725, 8.043407983700766e-05, 0.0001477892900931442, 5.030452588184714e-05
68, 5, 0.16309600213288766, -0.10527863363308389, 0.05368412482651301, 0.07751809231679573, 0.027922186051857596
68, 6, -0.11285136852320796, -0.09312280039138954, 0.018313589973081527, 0.027456664237833328, 0.009511134911817029
68, 7, -0.06796272170784097, -0.06899916614417527, 0.007304818522031576, 0.011099824365793796, 0.0037918933571753793
68, 8, -0.041546004962297205, -0.050158876227848065, 0.003285335077069663, 0.005017916915297657, 0.0017050938432706295
68, 9, -0.025970303935950897, -0.03704897501753227, 0.00162198739880212, 0.002482760090960131, 0.0008417528513799788
68, 10, -0.0165066828564046, -0.02814137110075236, 0.0008623413908767464, 0.001321296890917188, 0.00044751082986325323
68, 11, -0.010625995662329527, -0.022165686018149135, 0.00048687019993847466, 0.0007463606628848361, 0.0002526583734152082
68, 12, -0.0069219631793787754, -0.01826819413586464, 0.0002888905869692083, 0.00044297659879062487, 0.000149918645162042
68, 13, -0.0045682958217482614, 0.016762631948251595, 0.0001787291175297359, 0.0002740961682120832, 9.27521490368109e-05
68, 14, -0.0030601278879952357, -0.004647386345554192, 0.00011458177424947239, 0.00017573386101979953, 5.9464196529920964e-05
69, 5, -0.3763778812346137, -0.10098375761482097, 0.06308835718539756, 0.09026532375123082, 0.03336498876499966
69, 6, -0.12957214446749665, -0.09874211179093388, 0.021610765667023055, 0.032322077262176355, 0.01140717795224542
69, 7, -0.0819869861273648, -0.07733208712677303, 0.008631561092663546, 0.013122900360646898, 0.0045532531215082
69, 8, -0.05315431776520752, -0.059394173911869255, 0.003883966026822531, 0.005942635043613676, 0.0020483597540392126
69, 9, -0.03574123214413752, 0.0414075203108259, 0.001917930409296515, 0.0029424432494872307, 0.0010113982540950989
69, 10, -0.024761139997562808, 0.02776239842403878, 0.0010197773236889345, 0.001566465736637116, 0.0005377458332134654
69, 11, -0.0175432656963251, 0.01916058047723167, 0.0005757832862440951, 0.0008849978258922333, 0.000303615602048181
69, 12, -0.012634598175570028, 0.013494029059303012, 0.00034165599006872, 0.0005253061069707138, 0.00018015803297798122
69, 13, -0.009207639308067245, 0.009640423201248657, 0.00021137591512089904, 0.0003250538616213116, 0.00011146134854609823
69, 14, -0.006768180495536387, 0.006959883685529879, 0.0001355117986869137, 0.0002084102357470731, 7.14586108682003e-05
70, 5, 0.4478003251900151, -0.09447410265214504, 0.0536841248265131, 0.10454779604858126, 0.03973246515359484
70, 6, 0.19374015772391764, -0.10328104384144811, 0.018313589973081527, 0.03789815975860134, 0.013650849211255105
70, 7, 0.08458936300796221, -0.08504432741012713, 0.007304818522031574, 0.015464795032285724, 0.005457602652219044
70, 8, 0.03780993115872278, -0.06833665519001834, 0.003285335077069658, 0.0070175590489150435, 0.002456666353308198
70, 9, 0.018075470530119025, 0.037578049655063187, 0.0016219873988021247, 0.0034777695887076715, 0.0012133055345434785
70, 10, 0.009369502171210888, 0.02377311760507423, 0.0008623413908767452, 0.0018522217569029162, 0.0006451698521892838
70, 11, 0.00520857713553208, 0.015386363245966483, 0.00048687019993847586, 0.001046654905235893, 0.0003642878128635683
70, 12, 0.0030628539439853486, 0.010124640087608407, 0.00028889058696920835, 0.0006213276458351241, 0.00021616507488245005
70, 13, 0.001884937665538383, 0.00675713487246448, 0.00017872911752973597, 0.00038449370269335323, 0.00013373988179125003
70, 14, 0.001204591658737149, 0.004572762767256879, 0.00011458177424947204, 0.00024652854895759583, 8.574163933920673e-05
71, 5, 0.09032568793349337, 0.29468289633152, 0.06308835718539749, 0.06622273923550415, 0.046756814626104454
71, 6, 0.2195594834508192, 0.17788626273086597, 0.021610765667023055, 0.023233099551593847, 0.01615566789984033
71, 7, 0.09839202184103245, 0.12726060853596483, 0.00863156109266353, 0.009358616981720904, 0.006471295417120442
71, 8, 0.044696662442619564, -0.063503526367421, 0.0038839660268225294, 0.004224805883700574, 0.002915036878249468
71, 9, 0.021414045971265522, -0.04282472287797586, 0.001917930409296516, 0.002089092759262387, 0.001440113795297664
71, 10, 0.011067997073103375, -0.029009901515620225, 0.001019777323688932, 0.001111484155458685, 0.0007658776384329526
71, 11, 0.006135378460793687, -0.019798100832358168, 0.0005757832862440956, 0.0006277579754914337, 0.0004324724666300186
71, 12, 0.003600946704873452, -0.013610657873060377, 0.00034165599006871983, 0.0003725575680176398, 0.00025663361034534304
71, 13, 0.0022134422783527874, -0.009423581033299907, 0.00021137591512089893, 0.00023051493953827319, 0.0001587799286971935
71, 14, 0.001413481193063748, -0.00657377965757168, 0.000135511798686914, 0.0001477892900931444, 0.00010179550490328832
72, 5, 0.11575559715229464, 0.31851199589594764, 0.07388791234713217, 0.07751809231679564, 0.05470192143526792
72, 6, 0.247123615041579, 0.18266708332336068, 0.025429099328660564, 0.027456664237833325, 0.01902912873135855
72, 7, 0.11356615347252248, 0.12854222153508701, 0.010172362104506477, 0.011099824365793804, 0.007639807458681547
72, 8, 0.052582017680984916, -0.07037693239116631, 0.00457991602276688, 0.005017916915297655, 0.003444381112712751
72, 9, 0.025321332927363296, -0.04877644446622531, 0.002262136471219653, 0.0024827600909601262, 0.001702242220993438
72, 10, 0.013059346628999506, -0.033972806851210624, 0.001202925283479803, 0.0013212968909171881, 0.0009054321704546816
72, 11, 0.00721757430419286, -0.02388669503562474, 0.0006792277794312302, 0.0007463606628848357, 0.0005113169581684189
72, 12, 0.004226798898931278, -0.016951431273543, 0.0004030482880252086, 0.00044297659879062487, 0.00030343323513621744
72, 13, 0.002594464687616623, -0.012127015142461428, 0.00024936142719959615, 0.0002740961682120828, 0.00018773885060729864
72, 14, 0.0016553253661966442, -0.008736461249015838, 0.00015986491661576136, 0.00017573386101979953, 0.00012036242655853524
73, 5, 0.1443128837617485, 0.7089844315196691, 0.08620844177006294, 0.12043331731692997, 0.06371697155564492
73, 6, 0.27655906653264334, 0.304769895225581, 0.02983389772964153, 0.044254103834899555, 0.022340018011273614
73, 7, 0.13013276384646563, 0.13568922398700092, 0.011956544873352681, 0.018165276663227804, 0.008993487987026883
73, 8, 0.06152522908977526, 0.06327753861267958, 0.005386938326395032, 0.008263247316229906, 0.004058878417371288
73, 9, 0.029874896018507725, 0.031485103003115446, 0.002661513225335439, 0.004099502969635524, 0.002006803987169661
73, 10, 0.015393833276732775, 0.01674784730996352, 0.0014154865242323054, 0.0021844445841051443, 0.001067643072599938
73, 11, 0.008482229315183623, 0.00944879566566901, 0.0007993014148694364, 0.0012346963458776809, 0.0006029799919708079
73, 12, 0.004955139487279431, 0.005602673399556068, 0.0004743147071799029, 0.0007330517417795521, 0.0003578472904588584
73, 13, 0.0030364802207256463, 0.003464511733908508, 0.0002934581343304231, 0.0004536644528124778, 0.00022141145089876055
73, 14, 0.001935283024970692, 0.0022203161991800873, 0.0001881366685950845, 0.0002908911926119783, 0.00014195224814204913
74, 5, 0.17586731669918895, 0.784524095834137, 0.10018298532400848, 0.13795428442640234, 0.07389058610739219
74, 6, 0.30768386043146445, 0.3442140033184442, 0.034896981239870936, 0.05145462795128684, 0.026141717024558742
74, 7, 0.14799406019048622, 0.15620044363026037, 0.014016853906087243, 0.02126609722413808, 0.010557628955154595
74, 8, 0.07151983058487661, 0.07366893453524043, 0.006320479535820938, 0.009702178910067916, 0.004770650004111825
74, 9, 0.03513787658311785, 0.03679848871710558, 0.0031238374395262136, 0.004819613086694632, 0.002359943871114068
74, 10, 0.018123838405254396, 0.019589587235302252, 0.0016616325743070736, 0.0025697232965000037, 0.0012558170951781225
74, 11, 0.009959336947262956, 0.011051719067317875, 0.0009383697468111954, 0.001452907032214183, 0.0007093397529545144
74, 12, 0.005802444077319356, 0.0065520844758027805, 0.0005568621108699532, 0.0008627447500209851, 0.00042099374107377584
74, 13, 0.003548921282800386, 0.004051041124929654, 0.00034453752859225884, 0.0005339753591051287, 0.0002604905913051206
74, 14, 0.002259050558312921, 0.0025959560227152177, 0.00022088616224862756, 0.0003424042736022384, 0.00016700960015211198
75, 5, 0.5909197768760074, 0.8638058268602598, 0.13365537207909992, 0.15718142363777493, 0.08529149689132666
75, 6, 0.33930907433941365, 0.38647720961602994, 0.047317582666627216, 0.05957042890564065, 0.030487165165396717
75, 7, 0.23875733471574903, 0.17877960920529373, 0.019115150027087087, 0.02481276939695322, 0.012359158454237481
75, 8, 0.024509853818305706, 0.08542268363566966, 0.00863820321200992, 0.011359233504860221, 0.005592906623758686
75, 9, 0.016894027160420353, 0.04289451004908711, 0.004273254805506934, 0.005651463568350342, 0.00276842236591469
75, 10, 0.011031470565678105, 0.02286431678075284, 0.002273984412627558, 0.003015446958683832, 0.0014736078640786398
75, 11, 0.007068953699915826, 0.012900302298012478, 0.001284447525409621, 0.0017055411177149128, 0.0008324758034640357
75, 12, 0.0045321633988496006, 0.007646824215856286, 0.0007623193230568004, 0.001012957169376758, 0.0004941117860912494
75, 13, 0.002940358215265954, 0.004727152840558867, 0.0004716839332910966, 0.0006270134555807249, 0.0003057447402485651
75, 14, 0.001941388019991124, 0.003028861870588898, 0.00030241034513800295, 0.00040208862655668505, 0.00019602780833139041
76, 5, 0.6284982884756467, 0.9471890456413724, 0.15339307711166367, 0.17811797537314847, 0.09793266803174251
76, 6, 0.3534438500376212, 0.43168554304305423, 0.0548435910969357, 0.06865863796829316, 0.03543167311887948
76, 7, 0.23958564277453398, 0.2034856655706616, 0.02223644670606097, 0.028850485866601657, 0.014427495544905387
76, 8, 0.021699381358255145, 0.0986334477552107, 0.010062833712343797, 0.013260922167464313, 0.00654031412578705
76, 9, 0.015465988398983775, 0.04986247619006956, 0.00498095207114038, 0.0066096960197689954, 0.003239795614001738
76, 10, 0.010295460141054485, 0.026630024269775874, 0.0026513012508483464, 0.0035298144509674895, 0.0017251118167252628
76, 11, 0.0066646395928680515, 0.015028706735348745, 0.0014977742109412316, 0.0019973486998941447, 0.0009747233808729642
76, 12, 0.004296829259170213, 0.00890713372557055, 0.0008889913426333196, 0.0011865462913884781, 0.0005785941278306901
76, 13, 0.002796429844876342, 0.005505243906779712, 0.0005500832543689056, 0.0007345599662982587, 0.0003580379556937761
76, 14, 0.0018497273559054555, 0.003526906554105463, 0.0003526819984582937, 0.0004710912316077978, 0.00022956171171855706
77, 5, 0.6691241574072724, 1.0343093427054801, 0.1752786837077813, 0.20076825179465263, 0.11189395120898678
77, 6, 0.37049611343001176, 0.47973961476702814, 0.06336619340331953, 0.07877130250316736, 0.041034897285274194
77, 7, 0.24301748282682328, 0.23028753249114242, 0.025801207982675677, 0.03342629237823281, 0.01679495512858862
77, 8, 0.018482018763558223, 0.11335282693735212, 0.011695286631191074, 0.015435838356698647, 0.007629163901267937
77, 9, 0.013748506321495954, 0.057782834606391345, 0.0057930270677069955, 0.007710421022051438, 0.0037825013726930797
77, 10, 0.009385154073916619, 0.030946939978581545, 0.003084548454540098, 0.004121935178195246, 0.002014914896013909
77, 11, 0.0061641193671400415, 0.017474204696534167, 0.001742801320600244, 0.0023336333781152382, 0.0011387001164802288
77, 12, 0.00400750525877161, 0.01035547785309468, 0.0010345115356243688, 0.001386710706924367, 0.0006760029503283999
77, 13, 0.002620942706055648, 0.006399153627523313, 0.0006401565117947351, 0.0008586117971736595, 0.00041833981589420056
77, 14, 0.001738754448395272, 0.00409889546245614, 0.0004104424556579367, 0.0005506990499253208, 0.00026823404648449047
78, 5, 0.7121487445109507, -0.5099984145559637, 0.19937653359055976, 0.22510659827067042, 0.12712978826512275
78, 6, 0.39026399867775236, 0.5306144723750842, 0.07297199990940331, 0.08995121482982397, 0.047348881947689624
78, 7, 0.2489124999835077, 0.2591782066030102, 0.029859600662725253, 0.038585445790162355, 0.019494941836913818
78, 8, 0.014857060666731972, 0.12962214898665292, 0.013561249055454146, 0.017914033032922282, 0.008877091840224014
78, 9, 0.011691122847683245, 0.06673304796974643, 0.006722844339313545, 0.008971134077697581, 0.004405839161328688
78, 10, 0.008249394391765877, 0.03587948168483293, 0.0035810017189433045, 0.004801852728310043, 0.002348112192810703
78, 11, 0.005525760674084413, 0.020278260143397012, 0.0020236847721310115, 0.0027202871378308475, 0.0013273257441687172
78, 12, 0.0036345733353866532, 0.012017129141591268, 0.0012013610026638782, 0.0016170181992621931, 0.0007880843419617337
78, 13, 0.002393649123057371, 0.0074244734902274645, 0.0007434439063776648, 0.0010014013632305978, 0.0004877352873873817
78, 14, 0.0015947095016829965, 0.00475473615663996, 0.0004766810564734524, 0.0006423527153744342, 0.00031274212619379247
79, 5, 0.757920112355362, 1.00961115588586, 0.2257501739532274, 0.27885130666769675, 0.14358643680498515
79, 6, 0.41301833419592765, 0.5076134706132636, 0.08375008722633762, 0.11565859413114729, 0.05442786659191543
79, 7, 0.2573398374485233, 0.30278140769403317, 0.03446578683009756, 0.05083449452210624, 0.022563556663913648
79, 8, 0.18620859644908094, -0.03991077987866369, 0.015689156580855138, 0.023908435122811763, 0.01030350330462447
79, 9, 0.009305919372609972, -0.03706146559195428, 0.007785184980030814, 0.012049973254165505, 0.005120127384551855
79, 10, 0.006857637221336299, -0.022186536236726593, 0.004148733814917986, 0.006470375159462971, 0.002730379927982439
79, 11, 0.004714557346079383, -0.015260491246787364, 0.0023450425608123244, 0.0036715316792490515, 0.0015438597107155514
79, 12, 0.0031499558638455123, -0.010136237590286923, 0.001392298755484358, 0.0021843931115291967, 0.000916789697369491
79, 13, 0.0020942645483073945, -0.006715653929780562, 0.0008616588485483113, 0.0013534419217432782, 0.000567437657288206
79, 14, 0.001403405399434664, -0.004492544967466433, 0.0005524986548692618, 0.0008684223458052652, 0.0003638660186777786
80, 5, 0.40430788150225033, 1.3141773662988907, 0.22575017395322733, 0.27885130666769636, 0.16111359686686574
80, 6, 0.15527210426968122, 0.640753179355262, 0.08375008722633803, 0.11565859413114711, 0.062318937488542565
80, 7, 0.2824760439206054, 0.3231911488927948, 0.03446578683009752, 0.05083449452210623, 0.02603667370712113
80, 8, 0.1533157072640757, 0.16688717188458355, 0.01568915658085511, 0.023908435122811825, 0.011929329505302271
80, 9, 0.08365628477032522, 0.08797932244289078, 0.0077851849800308105, 0.012049973254165512, 0.005936695672783472
80, 10, 0.04576830672366838, 0.04785430593813638, 0.004148733814917985, 0.006470375159462954, 0.003168001112061866
80, 11, 0.02546219198418547, 0.027146265293667045, 0.002345042560812325, 0.0036715316792490424, 0.0017919243469794398
80, 12, 0.01468349243774477, 0.01609605748153586, 0.0013922987554843558, 0.002184393111529195, 0.0010642922507764756
80, 13, 0.008852562882663626, 0.009941337495770263, 0.0008616588485483116, 0.0013534419217432784, 0.0006587997335615938
80, 14, 0.005568308650548677, 0.006363773154742439, 0.0005524986548692618, 0.0008684223458052652, 0.00042247609182901924
81, 5, 0.415486216108216, -0.32407641137018184, 0.25442690633508774, 0.30820553880495927, 0.17943359197120182
81, 6, 0.18224613933282327, 0.6999109256316134, 0.09578309671208395, 0.1302269384576294, 0.07106274067194075
81, 7, 0.06284028147899534, 0.35829687817747147, 0.03967633046537259, 0.058005512311915676, 0.029957050938791443
81, 8, 0.17044044165879735, 0.1878929052552207, 0.018109042171500462, 0.027490314133264596, 0.013777204865080942
81, 9, 0.09461280502768656, 0.10037048650613996, 0.008996377655786572, 0.013910084123406276, 0.006867993635490425
81, 10, 0.05259891798546475, 0.05502370486733818, 0.004796715567348635, 0.007484205474081566, 0.0036679327293788326
81, 11, 0.029546785740614003, 0.03131011367778544, 0.002712022309444012, 0.004251269279356621, 0.0020755460331151167
81, 12, 0.017078587641156842, 0.0185789100471376, 0.0016104053485910183, 0.0025307477167196197, 0.0012330126209515403
81, 13, 0.01028062491538899, 0.011474272248903981, 0.0009967162232605686, 0.00156854498023103, 0.000763330055041326
81, 14, 0.006451013768622174, 0.007343383035783829, 0.0006391262246158118, 0.0010066303520380045, 0.0004895435616537617
82, 5, 0.8856664747443687, -0.2494154188906869, 0.35430590026005815, 0.3391526232722844, 0.1979922277339574
82, 6, 0.5879266170194087, 0.7616645800548806, 0.14009245393801015, 0.1459482792660897, 0.08068604819605132
82, 7, 0.4084501543774056, 0.3954421012763908, 0.059507929738920225, 0.06592096401784431, 0.034358848206328986
82, 8, 0.009831576175804883, 0.2104687258572125, 0.02745672453322089, 0.031505909872768356, 0.015871070258283684
82, 9, 0.009045053205900887, 0.11397624646090126, 0.013704855886144217, 0.01601394545316685, 0.007927533310653857
82, 10, 0.0066425763394603364, 0.06305543013755988, 0.007323279695020385, 0.00863631784279971, 0.004237817221137284
82, 11, 0.004494019097100423, 0.036029507669070725, 0.004145053567424784, 0.00491174693592012, 0.002399186083349437
82, 12, 0.0029596873489623767, 0.021405811080609686, 0.002462766640170204, 0.002925887253134448, 0.0014255531956603744
82, 13, 0.0019474113993962364, 0.013221564501202869, 0.0015247520108024242, 0.0018141398087764713, 0.0008826911610306416
82, 14, 0.0012954796117395386, 0.008459882243106339, 0.000977901692525878, 0.0011645034844769491, 0.0005661417143249532
83, 5, 0.9036065262533004, -0.6216893956295453, 0.39247890120864215, 0.3716773423416007, 0.21571125895116022
83, 6, 0.43374076126422667, 0.8257828526964659, 0.1578811812118046, 0.16282216163597468, 0.09119878739118432
83, 7, 0.3956024151191344, 0.4345587331342963, 0.06775423671827908, 0.07460856644737757, 0.03928019565079282
83, 8, 0.004332176309553218, 0.23458091086994348, 0.03140971701808519, 0.03598656752175631, 0.018235640148528676
83, 9, 0.005843479651734594, 0.12879687662905223, 0.01571101424294328, 0.018384707348838663, 0.009129610600729754
83, 10, 0.004786189403108335, 0.07198910438085016, 0.008403552084215104, 0.009941631248410748, 0.004885813602229011
83, 11, 0.0034013759806717937, 0.0413534644561952, 0.0047588334830185154, 0.005662251097710648, 0.002767582036850506
83, 12, 0.002298357526894204, 0.024614971442453854, 0.002828175288502913, 0.003375617110855029, 0.0016450433007502829
83, 13, 0.0015340733667712244, 0.015208986683307026, 0.0017512373203772622, 0.0020939246766291607, 0.0010187258921918524
83, 14, 0.0010293902557150041, 0.00973008175513287, 0.0011232525725165818, 0.001344453554280226, 0.0006534538352108655
84, 5, 0.9089051324569128, -0.570734949748876, 0.43281284817440935, 0.40551654484555477, 0.23040702895212406
84, 6, 0.6343236547228583, 0.8921436857092251, 0.177164498181497, 0.18077578133006894, 0.10255741296388214
84, 7, 0.38165740745140747, 0.47564301313575136, 0.07688699107537181, 0.08406925010096745, 0.044743482597593774
84, 8, -0.0016547577033068671, 0.260224392548864, 0.035837375498182084, 0.040954354984151266, 0.02089112975064568
84, 9, 0.002210687064052201, 0.14483329798086253, 0.017969781414980623, 0.021042749134710246, 0.01048690034535428
84, 10, 0.002595002160759303, 0.08185584254873769, 0.009622819202248863, 0.011414363846173968, 0.005619420924221843
84, 11, 0.002074607989174765, 0.04732762007566203, 0.005452427070448175, 0.006511958310126408, 0.0031852290014388763
84, 12, 0.0014804429859875102, 0.02824585905554835, 0.003241364808031397, 0.003885781084070563, 0.0018939585335499291
84, 13, 0.0010171446006262057, 0.017464159446515092, 0.0020074291272645516, 0.0024116602774411377, 0.0011731032390158225
84, 14, 0.0006938780054448016, 0.011172216389762442, 0.0012877022170512315, 0.001548947505453102, 0.0007525646259996199
85, 5, 0.8942605834629269, -0.5390412271147785, 0.4754866369208132, 0.4412536303522668, 0.23865677047414122
85, 6, 0.6370157005029863, -0.32390991778969186, 0.1980089969785431, 0.19998324560096434, 0.11479383344261884
85, 7, 0.36596537774746346, 0.5188160444321884, 0.08697253519908786, 0.09438734240796491, 0.0508128655566811
85, 8, -0.008133883161561412, 0.28746010737037114, 0.04078723118812332, 0.046466141840201355, 0.023879239330458157
85, 9, -0.0018504962937220114, 0.16211933977546494, 0.02050963537614348, 0.02402605157033039, 0.012023479764728388
85, 10, 4.6692486725948695e-05, 0.0927005663230972, 0.010997571582139294, 0.013078555619558403, 0.006452425193033923
85, 11, 0.00048260130942057877, 0.0540095749376585, 0.006235534711096378, 0.007475807103215025, 0.0036601994104246134
85, 12, 0.00047776142238675605, 0.032348958605680204, 0.003708214575024, 0.004465728495158582, 0.0021772762435111463
85, 13, 0.0003745783392333453, 0.020023598119140538, 0.002297007553309437, 0.0027733099688523988, 0.0013489005747397444
85, 14, 0.0002731199094855363, 0.012810867090261524, 0.0014736258588144053, 0.0017818779652451452, 0.0008654586901204339
86, 5, 0.9181198752975528, -0.4906827054138688, 0.47548663692081544, 0.47831257598396726, 0.2372332427659928
86, 6, 0.6280237682412326, -0.279208818244873, 0.19800899697854363, 0.22025907759746405, 0.12779966634090134
86, 7, 0.3706992225698902, 0.5640448233701011, 0.08697253519908796, 0.10551099560636125, 0.057509397658995154
86, 8, 0.2349938788730101, 0.3162933543934169, 0.04078723118812329, 0.05252116883702773, 0.027224683557306093
86, 9, 0.16232944111386238, 0.18065832477257576, 0.020509635376143517, 0.027346542714514702, 0.013755830631323763
86, 10, 0.12272893727153326, 0.10454152386520832, 0.01099757158213928, 0.014945550086358351, 0.007394822953698466
86, 11, -0.007443613259639229, 0.061439609492549174, 0.006235534711096379, 0.00856203121861307, 0.004198515579237907
86, 12, -0.005392231619010208, 0.03696828232857678, 0.0037082145750239825, 0.005121006606681291, 0.0024986945590929296
86, 13, -0.0038497185427716334, 0.022922118222623706, 0.0022970075533094397, 0.0031825525336800615, 0.001548450011621323
86, 14, -0.0027253367414205166, 0.014670339940036496, 0.0014736258588144042, 0.0020456998458724678, 0.000993647864720832
87, 5, 0.6650869093417894, -0.4417370118452769, 0.567792647132032, 0.5168005651838902, 0.3776457840891086
87, 6, 0.6641763839550422, -0.2308367167607341, 0.24441651396544464, 0.24162784445372082, 0.14140137426294305
87, 7, 0.45349532717665675, 0.611112322047229, 0.11019189784582874, 0.1174601359786013, 0.06485316973440547
87, 8, 0.31305392600166737, 0.34662586740649637, 0.052432080750253844, 0.05914756244180967, 0.030955116927208877
87, 9, -0.011126624319093148, 0.20039105548759056, 0.02654961351911165, 0.03103072754364599, 0.015702986074468964
87, 10, -0.0061189249518185645, 0.11735310371885123, 0.014283781602456599, 0.01703508764000524, 0.00845831459443336
87, 11, -0.0035793452964224533, 0.0696274631407126, 0.008112302584044545, 0.009783953602280467, 0.004807274908254949
87, 12, -0.002184254342247332, 0.04213119571396766, 0.00482856870898981, 0.005860331853379803, 0.002862588545321513
87, 13, -0.001378373644099509, 0.026186457578378477, 0.002992466389122077, 0.0036450882455655313, 0.001774516766530794
87, 14, -0.0008955037779642766, 0.016770709811148605, 0.0019203402419175721, 0.0023441889478146172, 0.0011389272019205988
88, 5, 0.689181437341285, -0.44079924429144385, 0.3924789012086414, -0.11850794516219415, -0.1329247926205056
88, 6, 0.3799170390002932, -0.17611587549168778, 0.15788118121180453, 0.26407178407651055, 0.15525095376993944
88, 7, 0.2556147120968516, 0.6599805582321965, 0.06775423671827913, 0.13023562374419206, 0.07283757473458927
88, 8, 0.1911433147868051, 0.3784669840258922, 0.031409717018085155, 0.06636437076580916, 0.03508918294439835
88, 9, 0.1573868131522399, 0.2213255059923409, 0.0157110142429433, 0.03510185294113271, 0.017880579894350407
88, 10, 0.012153691725954633, 0.131143354188772, 0.008403552084215102, 0.019366226449709516, 0.00965314481787697
88, 11, 0.010134615341501268, 0.07859922090269955, 0.004758833483018513, 0.011155042539925645, 0.0054928703321742035
88, 12, 0.007830868527306164, 0.04787731489681464, 0.002828175288502915, 0.006692733042149342, 0.003272956382653045
88, 13, 0.005786819502710208, 0.029854360238004234, 0.0017512373203772645, 0.004166902881438729, 0.002029648109987697
88, 14, 0.004178539414991689, 0.019140896005361396, 0.001123252572516584, 0.0026813420566482674, 0.001302957984184809
89, 5, 0.5721173219842492, -0.4140888507786329, 0.6694695291787702, 0.5979249119091572, -0.12285638255533304
89, 6, 0.6985286652522978, -0.4911753303083283, 0.29711772900137823, 0.2875671017381518, 0.16880792301189237
89, 7, 0.49702280502949486, 0.7105758131458154, 0.13770964193923552, 0.14383082649361348, 0.08147118973426466
89, 8, 0.29083967981817205, 0.41179616097643573, 0.06668727547109098, 0.07418484322503231, 0.039656732401348635
89, 9, 0.26749333100405415, 0.2434580446626926, 0.034074545817865835, 0.039580743379358435, 0.020311223904432997
89, 10, -0.013593559693147598, 0.14590899033586677, 0.018413460147260717, 0.021957650345203816, 0.01099375504630494
89, 11, -0.008856141177527975, 0.0883666401577498, 0.010481003484023168, 0.01268910671860949, 0.006264226091439765
89, 12, -0.005852926595044391, 0.0542361355954628, 0.006245807348904309, 0.007627695207479412, 0.003735354814927264
89, 13, -0.0039028782869197603, 0.03395979353226393, 0.003873325151832146, 0.004754372472964342, 0.002317376546031017
89, 14, -0.0026309785280593575, 0.02180914874640326, 0.002486556326827145, 0.0030614515986341975, 0.0014880413501699057
90, 5, 0.041937791522491864, -0.4134312893380576, 0.7237206076010648, 0.5979249119091569, -0.10896809777305484
90, 6, 0.7145534866403657, -0.4165253200148641, 0.3258041886339937, 0.2875671017381523, 0.18098105119663158
90, 7, 0.5018377113630454, 0.6988413404056265, 0.15313336959875998, 0.14383082649361315, 0.0907356541988253
90, 8, 0.3672726733601337, 0.39325721184141277, 0.07489076179686498, 0.07418484322503223, 0.04468173710034629
90, 9, 0.2599430434803401, 0.22374251932170974, 0.038473665127788825, 0.039580743379358505, 0.023016490977008214
90, 10, -0.017737152107984586, 0.1290799848480539, 0.020847183841720705, 0.02195765034520381, 0.01249467964108841
90, 11, -0.01191816741695498, 0.07606476292905824, 0.01188261412624499, 0.012689106718609485, 0.0071305343058767085
90, 12, -0.008082261976409879, 0.04610005406145791, 0.007086206993202704, 0.007627695207479398, 0.004255574644545029
90, 13, -0.005496524158263308, 0.028819933621591635, 0.004396275438254246, 0.0047543724729643385, 0.0026414073135581995
90, 14, -0.0037582226084948477, 0.018574606720618544, 0.0028229378747391966, 0.003061451598634202, 0.0016966001955648498
